id	num	neg|score	neg|p-value	neg|fdr	neg|rank	neg|goodsgrna	neg|lfc	pos|score	pos|p-value	pos|fdr	pos|rank	pos|goodsgrna	pos|lfc
Non-Targeting	593	2.1626e-69	4.9489e-06	0.000361	1	0	0.0	-3.0035e-51	4.9489e-06	0.000482	1	0	0.0
DUSP1	4	1.0	1.0	0.999995	584	0	0.29017	1.4947e-09	4.9489e-06	0.000482	2	4	0.29017
ZFP36	4	1.0	1.0	0.999995	583	0	0.5611	3.1713e-09	4.9489e-06	0.000482	3	4	0.5611
TNFAIP3	4	0.059516	0.11437	0.999995	62	1	0.63016	1.3508e-08	4.9489e-06	0.000482	4	3	0.63016
FOS	4	1.0	1.0	0.999995	582	0	0.17212	2.2308e-08	4.9489e-06	0.000482	5	4	0.17212
MITF	4	0.99998	0.99998	0.999995	581	0	0.2473	4.6019e-06	4.9489e-06	0.000482	6	4	0.2473
RC3H1	4	0.99709	0.99707	0.999995	579	0	0.15536	0.00036795	0.0014005	0.116846	7	3	0.15536
RAD54B	4	0.99551	0.99545	0.999995	578	0	0.094632	0.00053048	0.0019251	0.140535	8	3	0.094632
MYCBP2	4	0.99913	0.99905	0.999995	580	0	0.080994	0.00086995	0.0033702	0.21869	9	4	0.080994
NFKB1	4	0.91355	0.91469	0.999995	508	0	0.078044	0.0011054	0.0041818	0.24422	10	3	0.078044
OAS2	4	0.67593	0.67551	0.999995	356	0	0.088167	0.0018634	0.006399	0.336946	11	3	0.088167
OTUD7B	4	0.91732	0.91826	0.999995	511	0	0.078555	0.0020786	0.0069235	0.336946	12	3	0.078555
LINGO2	4	0.70095	0.70039	0.999995	372	0	0.10241	0.0030183	0.0093584	0.420409	13	3	0.10241
POLR2L	4	0.97977	0.97984	0.999995	566	0	0.073657	0.0033544	0.01019	0.425062	14	3	0.073657
TLR2	4	0.72254	0.72192	0.999995	386	0	0.076785	0.0036507	0.011011	0.428709	15	2	0.076785
ATP6V1B2	4	0.95739	0.95789	0.999995	547	0	0.068751	0.0051658	0.014961	0.527381	16	3	0.068751
NLRX1	4	0.8631	0.86341	0.999995	472	0	0.05048	0.0060209	0.01693	0.527381	17	2	0.05048
MAN1C1	4	0.97625	0.97622	0.999995	561	0	0.076295	0.0060745	0.017009	0.527381	18	3	0.076295
ADO	4	0.97676	0.97679	0.999995	562	0	0.067077	0.0061385	0.017158	0.527381	19	3	0.067077
GSK3B	4	0.96333	0.96342	0.999995	550	0	0.079672	0.0081095	0.022146	0.646676	20	3	0.079672
MAPK14	4	0.99424	0.99422	0.999995	577	0	0.066901	0.0087384	0.023799	0.66185	21	3	0.066901
KRAS	4	0.64465	0.64365	0.999995	330	0	0.075066	0.012249	0.032272	0.840103	22	3	0.075066
CYLD	4	0.9467	0.94746	0.999995	539	0	0.055661	0.012652	0.03343	0.840103	23	3	0.055661
ARIH2	4	0.98673	0.98707	0.999995	572	0	0.063516	0.013378	0.035142	0.840103	24	3	0.063516
CSGALNACT1	4	0.69747	0.69702	0.999995	368	0	0.049805	0.013996	0.036657	0.840103	25	2	0.049805
CTCF	4	0.8	0.79942	0.999995	431	0	0.053332	0.015178	0.039428	0.840103	26	2	0.053332
NOD2	4	0.30727	0.36862	0.999995	166	1	0.051458	0.016065	0.041279	0.840103	27	3	0.051458
TUBGCP2	4	0.37376	0.41381	0.999995	198	1	0.054729	0.017402	0.04406	0.840103	28	3	0.054729
MS4A14	4	0.97025	0.97035	0.999995	555	0	0.068335	0.018032	0.045327	0.840103	29	3	0.068335
MERTK	4	0.78253	0.78137	0.999995	423	0	0.030812	0.018722	0.047069	0.840103	30	2	0.030812
CFD	4	0.98482	0.98509	0.999995	571	0	0.054083	0.018937	0.047554	0.840103	31	3	0.054083
ENPP6	4	0.9818	0.98213	0.999995	569	0	0.049708	0.019334	0.048475	0.840103	32	3	0.049708
AP3B1	4	0.77646	0.7752	0.999995	420	0	0.055013	0.020007	0.050098	0.840103	33	3	0.055013
CUL5	4	0.94418	0.945	0.999995	538	0	0.066885	0.020069	0.050207	0.840103	34	2	0.066885
ECSIT	4	0.96446	0.96473	0.999995	551	0	0.055101	0.020694	0.051711	0.840103	35	3	0.055101
SLITRK4	4	0.52055	0.5266	0.999995	265	1	-0.036243	0.021269	0.053008	0.840103	36	1	-0.036243
NINJ1	4	0.75029	0.74925	0.999995	406	0	0.057865	0.021396	0.053226	0.840103	37	3	0.057865
LYZ	4	0.77026	0.76917	0.999995	417	0	0.03739	0.023439	0.057719	0.874981	38	3	0.03739
PLEKHB2	4	0.98739	0.98777	0.999995	574	0	0.085084	0.023771	0.058432	0.874981	39	2	0.085084
ANGPTL6	4	0.66018	0.65994	0.999995	341	0	0.05229	0.024815	0.060926	0.889523	40	3	0.05229
KRT10	4	0.87719	0.87734	0.999995	481	0	0.0032304	0.028003	0.066756	0.930017	41	1	0.0032304
RABGGTA	4	0.88071	0.88081	0.999995	487	0	0.051091	0.02807	0.066885	0.930017	42	2	0.051091
TBK1	4	0.73097	0.73013	0.999995	394	0	0.056613	0.031357	0.071527	0.971434	43	2	0.056613
INPP5D	4	0.91811	0.91894	0.999995	513	0	0.053291	0.033025	0.073685	0.977995	44	2	0.053291
BUD13	4	0.95271	0.95335	0.999995	543	0	0.03191	0.036371	0.078614	0.999995	45	1	0.03191
INTS10	4	0.40573	0.43676	0.999995	208	1	0.024762	0.038696	0.082019	0.999995	46	2	0.024762
DAB2	4	0.95543	0.95592	0.999995	546	0	0.047977	0.040548	0.08474	0.999995	47	2	0.047977
XPR1	4	0.93411	0.93486	0.999995	530	0	0.043803	0.041299	0.08578	0.999995	48	2	0.043803
RNF40	4	0.97958	0.97965	0.999995	565	0	0.042221	0.042056	0.086799	0.999995	49	2	0.042221
ITGB2	4	0.86116	0.86133	0.999995	469	0	0.046298	0.046722	0.093065	0.999995	50	2	0.046298
EGR2	4	0.88852	0.88864	0.999995	492	0	0.034138	0.047519	0.094233	0.999995	51	2	0.034138
NFKBIB	4	0.92323	0.92396	0.999995	518	0	0.041205	0.049648	0.097093	0.999995	52	2	0.041205
JUNB	4	0.95991	0.96011	0.999995	548	0	0.060549	0.049947	0.097538	0.999995	53	2	0.060549
TMEM258	4	0.13604	0.21997	0.999995	91	2	0.010229	0.051593	0.099884	0.999995	54	2	0.010229
P2RY11	4	0.27143	0.3462	0.999995	159	1	0.054717	0.052946	0.10184	0.999995	55	2	0.054717
PICALM	4	0.22292	0.31698	0.999995	144	1	0.026371	0.05538	0.10511	0.999995	56	2	0.026371
DEPDC5	4	0.4871	0.49901	0.999995	250	1	0.028039	0.056235	0.10609	0.999995	57	2	0.028039
TMEM176B	4	0.12652	0.20688	0.999995	88	2	0.0085929	0.059276	0.11076	0.999995	58	2	0.0085929
B4GALT1	4	0.80205	0.80136	0.999995	432	0	0.044161	0.060599	0.11282	0.999995	59	2	0.044161
CDK1	4	0.5966	0.59548	0.999995	301	1	0.037497	0.061153	0.11365	0.999995	60	2	0.037497
EIF2AK2	4	0.90446	0.90516	0.999995	500	0	0.038167	0.062382	0.11548	0.999995	61	2	0.038167
KIF15	4	0.64068	0.6395	0.999995	327	0	0.023117	0.062788	0.11602	0.999995	62	1	0.023117
CD47	4	0.612	0.6109	0.999995	310	0	-0.0063213	0.06442	0.11853	0.999995	63	1	-0.0063213
GPX4	4	0.72645	0.72582	0.999995	390	0	0.060637	0.065096	0.11956	0.999995	64	2	0.060637
PAF1	4	0.27413	0.3481	0.999995	160	1	-0.0028723	0.066051	0.12063	0.999995	65	1	-0.0028723
ZNF703	4	0.569	0.57017	0.999995	290	1	0.011673	0.066931	0.12187	0.999995	66	2	0.011673
JAZF1	4	0.44644	0.46723	0.999995	228	1	0.00069301	0.069306	0.12492	0.999995	67	1	0.00069301
BCL9L	4	0.46813	0.48413	0.999995	237	1	0.038842	0.069722	0.1255	0.999995	68	2	0.038842
ERCC6	4	0.92906	0.92981	0.999995	524	0	0.021895	0.07093	0.12718	0.999995	69	1	0.021895
DBF4	4	0.56258	0.56405	0.999995	285	1	0.019362	0.072552	0.12938	0.999995	70	1	0.019362
MDC	4	0.76567	0.76476	0.999995	413	0	0.042822	0.072558	0.12938	0.999995	71	2	0.042822
CD36	4	0.56442	0.56589	0.999995	286	1	0.029635	0.073514	0.13092	0.999995	72	2	0.029635
PTPRR	4	0.8934	0.89391	0.999995	496	0	0.038432	0.073994	0.13165	0.999995	73	2	0.038432
RNF25	4	0.26872	0.34447	0.999995	157	1	0.023929	0.074957	0.13289	0.999995	74	2	0.023929
IFNGR2	4	0.97697	0.97701	0.999995	563	0	0.039127	0.07579	0.13419	0.999995	75	2	0.039127
MIB2	4	0.39639	0.4299	0.999995	205	1	-0.05373	0.077406	0.13666	0.999995	76	1	-0.05373
ACVR1B	4	0.95442	0.95483	0.999995	545	0	0.031278	0.079019	0.13898	0.999995	77	2	0.031278
GHITM	4	0.70578	0.70537	0.999995	376	0	0.030558	0.08224	0.14337	0.999995	78	2	0.030558
NFIC	4	0.22576	0.31849	0.999995	145	1	0.028598	0.083848	0.14561	0.999995	79	2	0.028598
TTC33	4	0.70987	0.70956	0.999995	377	0	0.018812	0.085453	0.1478	0.999995	80	1	0.018812
NSF	4	0.91328	0.91438	0.999995	507	0	0.032555	0.086889	0.15012	0.999995	81	2	0.032555
SNX13	4	0.69254	0.69166	0.999995	364	0	0.039359	0.087056	0.1503	0.999995	82	1	0.039359
GSDMB	4	0.18535	0.28729	0.999995	128	1	0.015208	0.087401	0.15078	0.999995	83	2	0.015208
MAP2K6	4	0.3266	0.38213	0.999995	178	1	0.012232	0.088429	0.15221	0.999995	84	2	0.012232
DSG1	4	0.90651	0.90744	0.999995	502	0	0.050229	0.088657	0.15258	0.999995	85	2	0.050229
DLEC1	4	0.41036	0.4402	0.999995	212	1	0.040712	0.089461	0.15367	0.999995	86	2	0.040712
IL12B	4	0.48083	0.49416	0.999995	246	1	0.032562	0.090256	0.15466	0.999995	87	1	0.032562
CHUK	4	0.87861	0.87886	0.999995	484	0	-0.001632	0.091852	0.15691	0.999995	88	1	-0.001632
CTSZ	4	0.67959	0.67912	0.999995	358	0	0.033987	0.092584	0.15784	0.999995	89	2	0.033987
NCAPD2	4	0.85197	0.85216	0.999995	463	0	0.0098706	0.093447	0.15906	0.999995	90	1	0.0098706
TMEM176A	4	0.81203	0.81167	0.999995	436	0	0.040811	0.096279	0.16319	0.999995	91	2	0.040811
CBLL1	4	0.93231	0.93306	0.999995	528	0	0.027859	0.097345	0.1647	0.999995	92	2	0.027859
CARD10	4	0.78579	0.78477	0.999995	427	0	0.01092	0.098218	0.16604	0.999995	93	1	0.01092
PPP2R1B	4	0.50251	0.51127	0.999995	255	1	0.023256	0.099489	0.16765	0.999995	94	2	0.023256
TGIF1	4	0.16905	0.26542	0.999995	117	1	0.019982	0.10139	0.17028	0.999995	95	1	0.019982
GYPC	4	0.54288	0.54641	0.999995	275	1	0.015406	0.10165	0.1706	0.999995	96	2	0.015406
MAP3K14	4	0.89276	0.89333	0.999995	495	0	0.035549	0.10219	0.17146	0.999995	97	2	0.035549
ICAM1	4	0.61116	0.60992	0.999995	309	0	-0.00032464	0.10297	0.17259	0.999995	98	1	-0.00032464
JUN	4	0.90178	0.90236	0.999995	499	0	0.040567	0.10438	0.17452	0.999995	99	2	0.040567
TGFBR1	4	0.53521	0.53925	0.999995	271	1	0.041103	0.10603	0.17689	0.999995	100	2	0.041103
ADCY4	4	0.5015	0.51048	0.999995	254	1	0.029311	0.1077	0.1793	0.999995	101	1	0.029311
IL2RA	4	0.88449	0.88466	0.999995	490	0	0.05113	0.10928	0.18146	0.999995	102	2	0.05113
AHR	4	0.31892	0.37681	0.999995	173	1	0.037896	0.11441	0.18869	0.999995	103	2	0.037896
FADD	4	0.37255	0.41326	0.999995	197	1	0.046745	0.11783	0.19319	0.999995	104	2	0.046745
USP21	4	0.35792	0.40306	0.999995	189	1	0.027844	0.11868	0.19442	0.999995	105	1	0.027844
BRD7	4	0.54952	0.55211	0.999995	278	1	0.0055927	0.12024	0.1967	0.999995	106	1	0.0055927
GYPE	4	0.25506	0.3363	0.999995	154	1	-0.0044808	0.1207	0.19747	0.999995	107	2	-0.0044808
MRPL51	4	0.84615	0.8463	0.999995	459	0	0.023113	0.12179	0.19894	0.999995	108	1	0.023113
GNRH1	4	0.41267	0.44197	0.999995	214	1	0.001203	0.12186	0.19902	0.999995	109	2	0.001203
BCL3	4	0.69396	0.69317	0.999995	366	0	0.045621	0.12244	0.19985	0.999995	110	2	0.045621
SLC37A4	4	0.87468	0.87467	0.999995	477	0	0.054575	0.12594	0.20465	0.999995	111	2	0.054575
SDE2	4	0.88885	0.88904	0.999995	493	0	0.0012219	0.12645	0.20546	0.999995	112	1	0.0012219
NFATC2	4	0.51956	0.52568	0.999995	264	1	-0.0025385	0.128	0.20746	0.999995	113	1	-0.0025385
DGKA	4	0.19121	0.29484	0.999995	134	1	0.0028326	0.12888	0.20863	0.999995	114	2	0.0028326
DMD	4	0.48606	0.49812	0.999995	249	1	-0.021345	0.12955	0.2097	0.999995	115	1	-0.021345
PPAN-P2RY11	4	0.5514	0.55384	0.999995	280	1	-0.0014303	0.13264	0.2142	0.999995	116	1	-0.0014303
CD151	4	0.99236	0.99254	0.999995	576	0	0.04457	0.13364	0.21564	0.999995	117	2	0.04457
SIGLEC5	4	0.31763	0.37601	0.999995	172	1	0.017906	0.13418	0.21647	0.999995	118	1	0.017906
SEC61A1	4	0.16156	0.25519	0.999995	111	1	0.0060471	0.13423	0.21654	0.999995	119	2	0.0060471
RXRA	4	0.82905	0.82922	0.999995	450	0	0.037857	0.13604	0.21888	0.999995	120	2	0.037857
HMGB1	4	0.32532	0.3812	0.999995	177	1	0.004871	0.13725	0.22056	0.999995	121	1	0.004871
REL	4	0.82211	0.82239	0.999995	442	0	0.038662	0.14032	0.22513	0.999995	122	1	0.038662
MAPK8	4	0.80357	0.80304	0.999995	433	0	0.024821	0.14185	0.22734	0.999995	123	1	0.024821
NFYC	4	0.53424	0.53831	0.999995	270	1	-0.00022224	0.14338	0.22962	0.999995	124	1	-0.00022224
ACP5	4	0.78794	0.78722	0.999995	428	0	0.013882	0.14393	0.23031	0.999995	125	2	0.013882
RELB	4	0.92273	0.92348	0.999995	516	0	0.024103	0.1449	0.23164	0.999995	126	1	0.024103
G6PD	4	0.39522	0.42912	0.999995	204	1	-0.0040926	0.14949	0.23791	0.999995	127	2	-0.0040926
KIF23	4	0.65788	0.65754	0.999995	339	0	0.031259	0.15099	0.23983	0.999995	128	1	0.031259
ASH2L	4	0.94198	0.94287	0.999995	534	0	0.023683	0.15135	0.24035	0.999995	129	2	0.023683
KLRC4-KLRK1	4	0.4692	0.48503	0.999995	238	1	-0.0069347	0.1525	0.24192	0.999995	130	1	-0.0069347
CSMD3	4	0.43869	0.46156	0.999995	225	1	-0.021592	0.15402	0.24403	0.999995	131	1	-0.021592
RPS26	4	0.24539	0.3305	0.999995	148	1	0.10384	0.15448	0.24455	0.999995	132	2	0.10384
SAA1	4	0.36282	0.40653	0.999995	192	1	-0.0079977	0.15553	0.24606	0.999995	133	1	-0.0079977
SERHL2	4	0.88381	0.88402	0.999995	489	0	0.02416	0.15855	0.25036	0.999995	134	1	0.02416
LPL	4	0.78362	0.78258	0.999995	424	0	0.041844	0.15889	0.25085	0.999995	135	2	0.041844
ITGAL	4	0.8295	0.82973	0.999995	451	0	0.040621	0.1608	0.25368	0.999995	136	2	0.040621
MS4A7	4	0.91545	0.9164	0.999995	509	0	0.025637	0.16271	0.25612	0.999995	137	2	0.025637
DDX18	4	0.40689	0.43762	0.999995	209	1	0.011948	0.16306	0.25659	0.999995	138	1	0.011948
CTPS1	4	0.72775	0.72712	0.999995	391	0	0.030251	0.16335	0.25705	0.999995	139	2	0.030251
TRAF2	4	0.78088	0.77981	0.999995	422	0	0.038764	0.16755	0.26295	0.999995	140	1	0.038764
TXNDC17	4	0.7533	0.7527	0.999995	407	0	-0.0034949	0.16905	0.26501	0.999995	141	1	-0.0034949
TANK	4	0.88313	0.88334	0.999995	488	0	0.042462	0.16977	0.26595	0.999995	142	2	0.042462
FCGR2A	4	0.41152	0.44119	0.999995	213	1	0.017545	0.17042	0.26673	0.999995	143	2	0.017545
CASP10	4	0.99005	0.99033	0.999995	575	0	0.043271	0.17203	0.2687	0.999995	144	1	0.043271
MAPK3	4	0.73542	0.73435	0.999995	398	0	0.032606	0.17301	0.27004	0.999995	145	2	0.032606
ELK1	4	0.91625	0.91716	0.999995	510	0	0.028954	0.17352	0.27068	0.999995	146	1	0.028954
MEF2A	4	0.84017	0.84032	0.999995	457	0	0.037023	0.17431	0.27183	0.999995	147	2	0.037023
HSPD1	4	0.97062	0.97078	0.999995	556	0	0.058471	0.17627	0.27449	0.999995	148	2	0.058471
ASCC1	4	0.83667	0.83702	0.999995	456	0	0.00093739	0.17649	0.27474	0.999995	149	1	0.00093739
PTGER4	4	0.36892	0.41093	0.999995	195	1	0.017119	0.17693	0.27541	0.999995	150	2	0.017119
PRDM1	4	0.25781	0.33787	0.999995	156	1	0.0075941	0.1824	0.28008	0.999995	151	1	0.0075941
IRF3	4	0.66246	0.66228	0.999995	342	0	0.012522	0.18387	0.28091	0.999995	152	1	0.012522
UNG	4	0.85156	0.85188	0.999995	462	0	0.046288	0.19559	0.28767	0.999995	153	1	0.046288
ZNF823	4	0.16143	0.255	0.999995	110	2	-0.018389	0.1985	0.28934	0.999995	154	1	-0.018389
LY96	4	0.10297	0.17446	0.999995	78	1	-0.022219	0.19996	0.29017	0.999995	155	1	-0.022219
VAMP1	4	0.65711	0.65676	0.999995	338	0	-0.01256	0.20285	0.2918	0.999995	156	1	-0.01256
TNFRSF14	4	0.76043	0.75948	0.999995	410	0	0.022337	0.2043	0.29269	0.999995	157	1	0.022337
OAS3	4	0.48397	0.4964	0.999995	248	1	-0.00726	0.20574	0.29355	0.999995	158	1	-0.00726
CTNS	4	0.1824	0.28338	0.999995	126	1	0.0011767	0.20719	0.29446	0.999995	159	1	0.0011767
FCGR2B	4	0.47451	0.4892	0.999995	242	1	-0.030434	0.21006	0.29627	0.999995	160	1	-0.030434
OTULIN	4	0.86425	0.8644	0.999995	474	0	0.026547	0.2115	0.29709	0.999995	161	1	0.026547
HLA-DOB	4	0.55702	0.55884	0.999995	283	1	0.014241	0.2158	0.2996	0.999995	162	1	0.014241
CCL2	4	0.87931	0.87944	0.999995	485	0	0.023573	0.21865	0.30165	0.999995	163	1	0.023573
JRK	4	0.91784	0.91869	0.999995	512	0	0.033861	0.2215	0.3034	0.999995	164	1	0.033861
SLC4A1	4	0.66925	0.66925	0.999995	350	0	0.0069072	0.22292	0.30419	0.999995	165	1	0.0069072
DDOST	4	0.55234	0.55467	0.999995	281	1	-0.025459	0.22434	0.305	0.999995	166	1	-0.025459
TLR8	4	0.96938	0.96933	0.999995	554	0	0.02852	0.22576	0.30573	0.999995	167	1	0.02852
CD19	4	0.16719	0.26278	0.999995	115	2	-0.016432	0.22999	0.30833	0.999995	168	1	-0.016432
PPARA	4	0.43535	0.45889	0.999995	223	1	0.015664	0.23422	0.31136	0.999995	169	1	0.015664
FANCM	4	0.69956	0.69905	0.999995	370	0	-0.0072014	0.23562	0.31232	0.999995	170	1	-0.0072014
IRAK4	4	0.079845	0.14255	0.999995	71	2	-0.057949	0.23702	0.31325	0.999995	171	1	-0.057949
SPIRE1	4	0.65248	0.65192	0.999995	335	0	-0.00061141	0.24121	0.31588	0.999995	172	1	-0.00061141
RAB32	4	0.13966	0.2251	0.999995	93	2	-0.010544	0.244	0.31731	0.999995	173	1	-0.010544
TLR7	4	0.96202	0.96218	0.999995	549	0	0.03795	0.24539	0.31826	0.999995	174	1	0.03795
BPTF	4	0.7417	0.74069	0.999995	400	0	-0.00078613	0.25231	0.32258	0.999995	175	1	-0.00078613
RHOA	4	0.7232	0.72264	0.999995	387	0	0.00081037	0.25368	0.32352	0.999995	176	1	0.00081037
TMEM80	4	0.91273	0.91385	0.999995	506	0	0.011558	0.26872	0.33299	0.999995	177	1	0.011558
SIRT1	4	0.93389	0.93466	0.999995	529	0	0.0091518	0.27008	0.33386	0.999995	178	1	0.0091518
TMED7-TICAM2	4	0.0076964	0.021285	0.388457	32	2	-0.060081	0.27413	0.33679	0.999995	179	1	-0.060081
HLA-DQB1	4	0.94968	0.95039	0.999995	541	0	0.031031	0.27548	0.33769	0.999995	180	1	0.031031
ZBTB7C	4	0.9068	0.90767	0.999995	503	0	0.015913	0.27682	0.3387	0.999995	181	1	0.015913
LACC1	4	0.44864	0.46915	0.999995	229	1	-0.0082514	0.27951	0.34045	0.999995	182	1	-0.0082514
CEP290	4	0.58696	0.58648	0.999995	296	1	0.015506	0.28219	0.34233	0.999995	183	1	0.015506
CIITA	4	0.82257	0.82281	0.999995	443	0	0.033672	0.28353	0.34316	0.999995	184	1	0.033672
GPSM3	4	0.0051085	0.015069	0.314306	28	3	-0.078891	0.28619	0.3447	0.999995	185	1	-0.078891
TIFAB	4	0.86843	0.86837	0.999995	475	0	0.0010603	0.28753	0.34567	0.999995	186	1	0.0010603
AQP11	4	0.75807	0.75713	0.999995	409	0	-0.014226	0.29151	0.34834	0.999995	187	1	-0.014226
POLR2E	4	0.16005	0.25303	0.999995	109	1	-0.027046	0.29283	0.34921	0.999995	188	1	-0.027046
TSPAN4	4	0.93433	0.93507	0.999995	531	0	0.04037	0.29415	0.35014	0.999995	189	1	0.04037
C2	4	0.19016	0.29327	0.999995	132	2	-0.035006	0.30073	0.35411	0.999995	190	1	-0.035006
MYC	4	0.98713	0.98748	0.999995	573	0	0.038073	0.30205	0.35482	0.999995	191	1	0.038073
ALG2	4	0.59049	0.58959	0.999995	298	1	-0.03485	0.30727	0.3582	0.999995	192	1	-0.03485
PIGT	4	0.82996	0.83013	0.999995	452	0	0.015372	0.31246	0.36196	0.999995	193	1	0.015372
COMMD8	4	0.32405	0.38031	0.999995	176	1	-0.0071669	0.31763	0.36585	0.999995	194	1	-0.0071669
DLG2	4	0.41954	0.44717	0.999995	216	1	-0.0064353	0.31892	0.36666	0.999995	195	1	-0.0064353
MKX	4	0.83267	0.83276	0.999995	454	0	0.023493	0.3202	0.36754	0.999995	196	1	0.023493
APOM	4	0.66775	0.66782	0.999995	349	0	-0.03204	0.32149	0.36838	0.999995	197	1	-0.03204
FAM50A	4	0.9534	0.95391	0.999995	544	0	0.013946	0.32532	0.37121	0.999995	198	1	0.013946
TLR6	4	0.15637	0.24794	0.999995	105	2	-0.024453	0.33042	0.3748	0.999995	199	1	-0.024453
HLA-B	4	0.82022	0.82036	0.999995	441	0	0.01519	0.33169	0.37572	0.999995	200	1	0.01519
DNTTIP1	4	0.16913	0.26549	0.999995	118	2	-0.046365	0.33548	0.37826	0.999995	201	1	-0.046365
BYSL	4	0.92248	0.92327	0.999995	515	0	0.0041229	0.338	0.37993	0.999995	202	1	0.0041229
RWDD3	4	0.72385	0.7233	0.999995	388	0	-0.020614	0.33926	0.38104	0.999995	203	1	-0.020614
KSR1	4	0.93782	0.93864	0.999995	533	0	0.027454	0.34052	0.38197	0.999995	204	1	0.027454
ZNF79	4	0.66322	0.66312	0.999995	343	0	-0.022723	0.34302	0.38372	0.999995	205	1	-0.022723
HIST1H3A	4	0.71392	0.71327	0.999995	380	0	-0.026076	0.34552	0.38533	0.999995	206	1	-0.026076
PSMB9	4	0.58961	0.58881	0.999995	297	1	-0.031194	0.34677	0.38629	0.999995	207	1	-0.031194
SLITRK5	4	0.13906	0.2241	0.999995	92	2	-0.029157	0.35174	0.38982	0.999995	208	1	-0.029157
UBE2N	4	0.025284	0.061966	0.69592	52	3	-0.051	0.35422	0.39153	0.999995	209	1	-0.051
IDO1	4	0.90881	0.90984	0.999995	504	0	0.030558	0.35668	0.39315	0.999995	210	1	0.030558
CSF2RB	4	0.016786	0.042932	0.560756	44	3	-0.05494	0.35792	0.394	0.999995	211	1	-0.05494
LEO1	4	0.37858	0.41723	0.999995	200	1	0.003749	0.36527	0.39956	0.999995	212	1	0.003749
HDAC3	4	0.027382	0.066618	0.723881	53	3	-0.055984	0.36649	0.40044	0.999995	213	1	-0.055984
CCDC174	4	0.31117	0.3712	0.999995	168	1	0.017427	0.36892	0.40226	0.999995	214	1	0.017427
ARPC4	4	0.8135	0.81325	0.999995	439	0	0.0085332	0.37013	0.40309	0.999995	215	1	0.0085332
CRIPAK	4	0.58519	0.58485	0.999995	295	1	0.0042135	0.37376	0.40532	0.999995	216	1	0.0042135
CBX7	4	0.82814	0.82836	0.999995	448	0	0.048806	0.37497	0.40628	0.999995	217	1	0.048806
DPP10	4	0.48293	0.49564	0.999995	247	1	-0.025499	0.37617	0.40708	0.999995	218	1	-0.025499
KCNU1	4	0.59747	0.59633	0.999995	302	1	0.032658	0.37738	0.40802	0.999995	219	1	0.032658
ATP2B4	4	0.8779	0.8782	0.999995	482	0	0.016651	0.38098	0.41061	0.999995	220	1	0.016651
ZNRD1	4	0.41726	0.44544	0.999995	215	1	-0.023127	0.38337	0.41236	0.999995	221	1	-0.023127
TAP2	4	0.36527	0.40838	0.999995	193	1	-0.030376	0.38575	0.41416	0.999995	222	1	-0.030376
ABCF1	4	0.63909	0.63773	0.999995	326	0	0.024407	0.38694	0.41498	0.999995	223	1	0.024407
LRP1B	4	0.73033	0.72953	0.999995	393	0	-0.013096	0.3905	0.41762	0.999995	224	1	-0.013096
SLC2A8	4	0.9724	0.97236	0.999995	557	0	0.028776	0.39286	0.41956	0.999995	225	1	0.028776
GPR183	4	0.096279	0.16528	0.999995	73	2	-0.069916	0.40341	0.42751	0.999995	226	1	-0.069916
C5	4	0.61704	0.61578	0.999995	313	0	-0.011363	0.40689	0.43025	0.999995	227	1	-0.011363
TLR9	4	0.7674	0.76635	0.999995	414	0	-0.016454	0.40805	0.43124	0.999995	228	1	-0.016454
TLR1	4	0.37497	0.41474	0.999995	199	1	0.041361	0.40921	0.43217	0.999995	229	1	0.041361
HLA-E	4	0.83446	0.83462	0.999995	455	0	0.036709	0.41152	0.43396	0.999995	230	1	0.036709
LEF1	4	0.56718	0.56843	0.999995	288	1	0.015001	0.41267	0.43476	0.999995	231	1	0.015001
CBFB	4	0.70372	0.7031	0.999995	373	0	-0.0030931	0.41382	0.43582	0.999995	232	1	-0.0030931
RPN1	4	0.67297	0.67262	0.999995	354	0	0.022205	0.41611	0.43752	0.999995	233	1	0.022205
ERG	4	0.18093	0.28123	0.999995	125	1	-2.3088e-05	0.41726	0.43841	0.999995	234	1	-2.3088e-05
AP1AR	4	0.3616	0.40577	0.999995	191	1	0.0069872	0.4184	0.4393	0.999995	235	1	0.0069872
TRPS1	4	0.69112	0.69032	0.999995	363	0	-0.01706	0.41954	0.44021	0.999995	236	1	-0.01706
STK11	4	0.50048	0.50967	0.999995	253	1	0.0027248	0.42182	0.4418	0.999995	237	1	0.0027248
G6PC3	4	0.50353	0.51209	0.999995	256	1	-0.00067748	0.42296	0.44283	0.999995	238	1	-0.00067748
RNGTT	4	0.80508	0.80466	0.999995	434	0	-0.024164	0.42636	0.44548	0.999995	239	1	-0.024164
SPRED2	4	0.71792	0.71716	0.999995	383	0	0.032563	0.42861	0.44729	0.999995	240	1	0.032563
PIK3CD	4	0.33295	0.38615	0.999995	180	1	-0.033589	0.43087	0.44897	0.999995	241	1	-0.033589
MSRA	4	0.8495	0.84976	0.999995	461	0	-0.0043565	0.43423	0.45154	0.999995	242	1	-0.0043565
CTR9	4	0.38098	0.41889	0.999995	202	1	0.0037818	0.4398	0.45595	0.999995	243	1	0.0037818
CFH	4	0.94339	0.94435	0.999995	537	0	0.020522	0.44091	0.45686	0.999995	244	1	0.020522
FUT2	4	0.07579	0.13686	0.999995	70	1	0.040351	0.44202	0.45774	0.999995	245	1	0.040351
LZTS1	4	0.60436	0.60336	0.999995	305	1	-0.027323	0.44313	0.45857	0.999995	246	1	-0.027323
WDR34	4	0.9741	0.97407	0.999995	560	0	0.025761	0.44644	0.46101	0.999995	247	1	0.025761
NFKBIE	4	0.10165	0.17254	0.999995	77	2	-0.042609	0.44754	0.46199	0.999995	248	1	-0.042609
IRAK3	4	0.86077	0.86108	0.999995	468	0	0.018301	0.44864	0.463	0.999995	249	1	0.018301
RAC1	4	0.7714	0.77021	0.999995	418	0	-0.0067817	0.44973	0.46381	0.999995	250	1	-0.0067817
TADA3	4	0.7454	0.74426	0.999995	402	0	0.020249	0.45519	0.46851	0.999995	251	1	0.020249
PRKAA1	4	0.63669	0.63534	0.999995	324	0	-0.028774	0.45736	0.47033	0.999995	252	1	-0.028774
CXCL10	4	0.11783	0.19469	0.999995	85	2	-0.041744	0.45953	0.472	0.999995	253	1	-0.041744
PRF1	4	0.17352	0.27097	0.999995	121	1	0.014239	0.46061	0.47287	0.999995	254	1	0.014239
PIK3R1	4	0.13543	0.21912	0.999995	90	2	-0.026968	0.46492	0.47629	0.999995	255	1	-0.026968
SLC39A7	4	0.77812	0.77691	0.999995	421	0	0.0089182	0.46706	0.47789	0.999995	256	1	0.0089182
GSX1	4	0.6854	0.68476	0.999995	360	0	0.00025817	0.47026	0.48048	0.999995	257	1	0.00025817
PSMB8	4	0.33042	0.38464	0.999995	179	1	0.019376	0.47239	0.48223	0.999995	258	1	0.019376
CLEC16A	4	0.59399	0.59315	0.999995	300	1	0.0080702	0.47345	0.48315	0.999995	259	1	0.0080702
PRKCQ	4	0.93162	0.9325	0.999995	527	0	0.031145	0.47451	0.48394	0.999995	260	1	0.031145
YEATS4	4	0.7258	0.72523	0.999995	389	0	-0.010168	0.47557	0.48486	0.999995	261	1	-0.010168
SBDS	4	0.29547	0.36167	0.999995	163	1	0.012305	0.47662	0.48565	0.999995	262	1	0.012305
STAT1	4	0.87323	0.87325	0.999995	476	0	0.0052935	0.47873	0.48737	0.999995	263	1	0.0052935
PABPC1	4	0.2158	0.31267	0.999995	142	1	0.025188	0.47978	0.48837	0.999995	264	1	0.025188
LRRFIP2	4	0.73479	0.73387	0.999995	397	0	-0.023129	0.48293	0.49069	0.999995	265	1	-0.023129
ARAP2	4	0.76969	0.76863	0.999995	416	0	0.031334	0.48397	0.49149	0.999995	266	1	0.031334
GAS6	4	0.14338	0.2306	0.999995	96	1	0.027457	0.48814	0.49509	0.999995	267	1	0.027457
EFR3A	4	0.74785	0.74688	0.999995	404	0	0.023147	0.48917	0.49586	0.999995	268	1	0.023147
LGALS9	4	0.47873	0.49248	0.999995	245	1	0.011034	0.49021	0.49654	0.999995	269	1	0.011034
UBE2L3	4	0.10713	0.18018	0.999995	80	2	-0.012676	0.49124	0.49729	0.999995	270	1	-0.012676
SOCS3	4	0.50758	0.51543	0.999995	259	1	-0.02727	0.49536	0.50067	0.999995	271	1	-0.02727
ATG16L1	4	0.88001	0.88008	0.999995	486	0	0.025407	0.49639	0.50165	0.999995	272	1	0.025407
NFKB2	4	0.00039953	0.0015391	0.054233	16	3	-0.14384	0.49946	0.50447	0.999995	273	1	-0.14384
PPP2R1A	4	0.12418	0.20375	0.999995	86	2	-0.01384	0.50251	0.50712	0.999995	274	1	-0.01384
XKR6	4	0.18882	0.29149	0.999995	131	2	-0.017345	0.50353	0.50798	0.999995	275	1	-0.017345
SLC26A4	4	0.73352	0.7326	0.999995	395	0	-0.011173	0.50454	0.50885	0.999995	276	1	-0.011173
NLRP3	4	0.9307	0.93152	0.999995	526	0	0.029123	0.50556	0.50961	0.999995	277	1	0.029123
BACH2	4	0.92096	0.92184	0.999995	514	0	0.02988	0.50657	0.51061	0.999995	278	1	0.02988
S100A8	4	0.86155	0.86168	0.999995	470	0	0.010053	0.50858	0.5122	0.999995	279	1	0.010053
RPN2	4	0.60006	0.59898	0.999995	303	1	-0.03253	0.5116	0.51489	0.999995	280	1	-0.03253
UBE2F	4	0.20719	0.30777	0.999995	141	1	-0.0055524	0.5136	0.51669	0.999995	281	1	-0.0055524
NOTCH4	4	0.14643	0.23467	0.999995	98	1	-0.019532	0.51559	0.51865	0.999995	282	1	-0.019532
SFPQ	4	0.57626	0.57673	0.999995	291	1	0.013195	0.51857	0.5213	0.999995	283	1	0.013195
NCOA5	4	0.76102	0.76006	0.999995	411	0	-0.027019	0.51956	0.52226	0.999995	284	1	-0.027019
CREB1	4	0.72904	0.72846	0.999995	392	0	0.0081118	0.52253	0.52497	0.999995	285	1	0.0081118
MAPK1	4	0.15011	0.23944	0.999995	102	2	-0.054997	0.52351	0.52584	0.999995	286	1	-0.054997
APLP1	4	0.17889	0.2782	0.999995	124	2	-0.012443	0.52548	0.52732	0.999995	287	1	-0.012443
MAX	4	0.15448	0.24532	0.999995	103	2	-0.018381	0.52841	0.52992	0.999995	288	1	-0.018381
PDGFB	4	0.63022	0.62862	0.999995	321	0	-0.014111	0.53036	0.53187	0.999995	289	1	-0.014111
GABRG2	4	0.34177	0.39231	0.999995	183	1	-0.03601	0.53133	0.53281	0.999995	290	1	-0.03601
MED30	4	0.88719	0.8874	0.999995	491	0	0.029399	0.53327	0.53456	0.999995	291	1	0.029399
IL17RA	4	0.86271	0.86298	0.999995	471	0	0.037494	0.53424	0.53542	0.999995	292	1	0.037494
PCDH7	4	0.71659	0.71583	0.999995	382	0	0.033183	0.53521	0.53642	0.999995	293	1	0.033183
NR3C1	4	0.29151	0.35918	0.999995	162	1	0.015441	0.53617	0.53736	0.999995	294	1	0.015441
IL15RA	4	0.81301	0.8127	0.999995	438	0	-0.0012654	0.5381	0.5391	0.999995	295	1	-0.0012654
CD38	4	0.82351	0.82385	0.999995	444	0	0.037723	0.54002	0.54096	0.999995	296	1	0.037723
TRAM1	4	0.37978	0.41807	0.999995	201	1	-0.027009	0.54097	0.54207	0.999995	297	1	-0.027009
GPAA1	4	0.89467	0.89538	0.999995	498	0	0.03724	0.54288	0.5439	0.999995	298	1	0.03724
HSP90B1	4	0.62614	0.62482	0.999995	320	0	-0.012736	0.54384	0.54477	0.999995	299	1	-0.012736
BTK	4	0.78847	0.78773	0.999995	429	0	0.0062603	0.54479	0.54556	0.999995	300	1	0.0062603
TAP1	4	0.34552	0.39468	0.999995	184	1	0.0025861	0.54763	0.54818	0.999995	301	1	0.0025861
CR1	4	0.90593	0.90685	0.999995	501	0	0.026885	0.54952	0.54978	0.999995	302	1	0.026885
MAP2K4	4	0.84783	0.84787	0.999995	460	0	-0.006454	0.55046	0.55092	0.999995	303	1	-0.006454
TMEM56-RWDD3	4	0.89016	0.89054	0.999995	494	0	0.032724	0.55234	0.55243	0.999995	304	1	0.032724
CEBPG	4	0.7392	0.73824	0.999995	399	0	0.0097513	0.55422	0.55425	0.999995	305	1	0.0097513
MICB	4	0.89372	0.89429	0.999995	497	0	0.0036173	0.55702	0.55683	0.999995	306	1	0.0036173
NCF4	4	0.24261	0.32884	0.999995	147	1	0.00099522	0.55795	0.55771	0.999995	307	1	0.00099522
HLA-C	4	0.64227	0.64121	0.999995	329	0	0.021506	0.56073	0.56044	0.999995	308	1	0.021506
RASSF1	4	0.70441	0.70374	0.999995	374	0	0.0097025	0.5635	0.5634	0.999995	309	1	0.0097025
TNFSF11	4	0.80908	0.80867	0.999995	435	0	0.010408	0.56442	0.56431	0.999995	310	1	0.010408
NAAA	4	0.3505	0.39811	0.999995	186	1	-0.041523	0.56718	0.56697	0.999995	311	1	-0.041523
MUC22	4	0.31505	0.37416	0.999995	171	1	-0.0035809	0.57083	0.57048	0.999995	312	1	-0.0035809
PGM3	4	0.64622	0.64539	0.999995	331	0	0.013825	0.57173	0.57128	0.999995	313	1	0.013825
CEBPA	4	0.61453	0.61324	0.999995	311	0	0.020472	0.57264	0.57229	0.999995	314	1	0.020472
IRF7	4	0.86349	0.86378	0.999995	473	0	0.025964	0.57355	0.57319	0.999995	315	1	0.025964
GPR18	4	0.37134	0.4124	0.999995	196	1	-0.022265	0.57445	0.57402	0.999995	316	1	-0.022265
ERBB2	4	0.31246	0.37225	0.999995	169	1	-0.0067235	0.57806	0.57715	0.999995	317	1	-0.0067235
NIPAL2	4	0.45083	0.47095	0.999995	230	1	-0.010879	0.58074	0.57974	0.999995	318	1	-0.010879
PRKCH	4	0.71122	0.71086	0.999995	379	0	-0.0034055	0.58253	0.58171	0.999995	319	1	-0.0034055
BRAF	4	0.71459	0.71399	0.999995	381	0	0.0063198	0.58342	0.58255	0.999995	320	1	0.0063198
EGFR	4	0.91078	0.912	0.999995	505	0	-0.0038528	0.58608	0.58521	0.999995	321	1	-0.0038528
CLCN4	4	0.82676	0.82703	0.999995	447	0	0.020724	0.58696	0.58593	0.999995	322	0	0.020724
IRF4	4	0.34677	0.39562	0.999995	185	1	-0.013724	0.58961	0.58833	0.999995	323	0	-0.013724
FASLG	4	0.6548	0.65421	0.999995	336	0	-0.010193	0.59137	0.59005	0.999995	324	0	-0.010193
TRADD	4	0.67148	0.67118	0.999995	352	0	0.016153	0.59312	0.59206	0.999995	325	0	0.016153
C1orf106	4	0.43199	0.45647	0.999995	222	1	0.011014	0.59399	0.59287	0.999995	326	0	0.011014
RFX5	4	0.87576	0.87588	0.999995	479	0	0.00044328	0.5966	0.59526	0.999995	327	0	0.00044328
TMPRSS11F	4	0.66624	0.66617	0.999995	347	0	0.023366	0.59747	0.59612	0.999995	328	0	0.023366
TYRO3	4	0.42409	0.4505	0.999995	217	1	0.024661	0.59833	0.59703	0.999995	329	0	0.024661
HLA-DRA	4	0.14949	0.23876	0.999995	101	2	-0.0085135	0.60092	0.59972	0.999995	330	0	-0.0085135
KIDINS220	4	0.98129	0.98161	0.999995	568	0	0.025263	0.60178	0.60064	0.999995	331	0	0.025263
PIP4K2A	4	0.92348	0.92416	0.999995	519	0	0.019033	0.6035	0.60244	0.999995	332	0	0.019033
GSDMC	4	0.98004	0.98018	0.999995	567	0	0.022385	0.60521	0.60414	0.999995	333	0	0.022385
CTBP1	4	0.67074	0.67044	0.999995	351	0	-0.0016029	0.60607	0.60508	0.999995	334	0	-0.0016029
UQCR10	4	0.97366	0.97364	0.999995	559	0	0.04127	0.60692	0.60588	0.999995	335	0	0.04127
BBS9	4	0.2043	0.30605	0.999995	140	1	-0.0023636	0.60862	0.60729	0.999995	336	0	-0.0023636
TAPBP	4	0.6897	0.6889	0.999995	362	0	0.0089532	0.61116	0.60992	0.999995	337	0	0.0089532
IL18RAP	4	0.68105	0.68047	0.999995	359	0	-0.0032342	0.61284	0.61169	0.999995	338	0	-0.0032342
NR1H3	4	0.60947	0.60814	0.999995	308	1	-0.0099635	0.61369	0.6124	0.999995	339	0	-0.0099635
CFTR	4	0.45845	0.47693	0.999995	233	1	0.010964	0.61453	0.61324	0.999995	340	0	0.010964
MAPK7	4	0.62202	0.62054	0.999995	317	0	0.004837	0.6162	0.61495	0.999995	341	0	0.004837
CASP1	4	0.71858	0.7177	0.999995	384	0	0.033597	0.61704	0.61578	0.999995	342	0	0.033597
HIST1H3G	4	0.74294	0.74197	0.999995	401	0	0.0036788	0.61787	0.61657	0.999995	343	0	0.0036788
CYBA	4	0.14032	0.22614	0.999995	94	2	-0.034415	0.62285	0.6213	0.999995	344	0	-0.034415
IL23R	4	0.54763	0.55057	0.999995	277	1	-0.019722	0.62367	0.62212	0.999995	345	0	-0.019722
JAK2	4	0.028216	0.06831	0.725328	55	3	-0.050233	0.62696	0.62558	0.999995	346	0	-0.050233
RIC8B	4	0.60862	0.60729	0.999995	307	1	0.0056442	0.62778	0.62628	0.999995	347	0	0.0056442
CARD9	4	0.84573	0.84582	0.999995	458	0	0.023239	0.62859	0.62707	0.999995	348	0	0.023239
EGR1	4	0.9495	0.95025	0.999995	540	0	0.016434	0.63347	0.63215	0.999995	349	0	0.016434
GOT1	4	0.94259	0.94347	0.999995	536	0	0.03168	0.63427	0.63291	0.999995	350	0	0.03168
PDCD10	4	0.65092	0.65037	0.999995	334	0	-0.0011991	0.63508	0.63385	0.999995	351	0	-0.0011991
RAB5C	4	0.45736	0.47618	0.999995	232	1	-0.014335	0.63669	0.63534	0.999995	352	0	-0.014335
AXL	4	0.47133	0.48671	0.999995	240	1	0.001602	0.63749	0.63609	0.999995	353	0	0.001602
VCAN	4	0.97727	0.9772	0.999995	564	0	0.035539	0.63829	0.63691	0.999995	354	0	0.035539
HLA-DOA	4	0.16784	0.26382	0.999995	116	2	-0.019035	0.64148	0.64041	0.999995	355	0	-0.019035
EIF5	4	0.51857	0.52475	0.999995	263	1	0.033616	0.64386	0.64279	0.999995	356	0	0.033616
STAT5B	4	0.47239	0.48754	0.999995	241	1	0.021165	0.64622	0.64539	0.999995	357	0	0.021165
GNAS	4	0.98247	0.98273	0.999995	570	0	0.032227	0.64858	0.64781	0.999995	358	0	0.032227
ZMIZ1	4	0.17236	0.2695	0.999995	120	2	-0.014165	0.64936	0.64864	0.999995	359	0	-0.014165
DDAH2	4	0.92373	0.92437	0.999995	520	0	0.025111	0.65092	0.65037	0.999995	360	0	0.025111
IL1B	4	0.52646	0.53133	0.999995	267	1	0.013411	0.6517	0.65113	0.999995	361	0	0.013411
KAT2A	4	0.75748	0.75659	0.999995	408	0	0.0084149	0.65325	0.65263	0.999995	362	0	0.0084149
GTF2IRD1	4	0.78525	0.78421	0.999995	426	0	0.0047349	0.65403	0.65337	0.999995	363	0	0.0047349
NAMPT	4	0.47026	0.48587	0.999995	239	1	-0.041305	0.6548	0.65421	0.999995	364	0	-0.041305
HLA-G	4	0.76797	0.76704	0.999995	415	0	-0.00041997	0.65634	0.65598	0.999995	365	0	-0.00041997
MEF2C	4	0.87648	0.87647	0.999995	480	0	0.015944	0.65711	0.65676	0.999995	366	0	0.015944
TBX1	4	0.81252	0.81225	0.999995	437	0	-0.0010494	0.65788	0.65754	0.999995	367	0	-0.0010494
HLA-F	4	0.69817	0.69757	0.999995	369	0	-0.020211	0.65941	0.65912	0.999995	368	0	-0.020211
C1orf141	4	0.52154	0.52749	0.999995	266	1	0.0032917	0.66624	0.66617	0.999995	369	0	0.0032917
ZNF384	4	0.95253	0.95321	0.999995	542	0	0.022137	0.667	0.66701	0.999995	370	0	0.022137
A4GALT	4	0.82398	0.8243	0.999995	445	0	-0.00048201	0.66775	0.66782	0.999995	371	0	-0.00048201
CTSB	4	0.50556	0.51366	0.999995	257	1	-0.026363	0.66925	0.66925	0.999995	372	0	-0.026363
S100A9	4	0.97275	0.97276	0.999995	558	0	0.02901	0.67148	0.67118	0.999995	373	0	0.02901
HLA-DRB5	4	0.27548	0.34897	0.999995	161	1	0.0074731	0.67223	0.67192	0.999995	374	0	0.0074731
NPL	4	0.96502	0.96517	0.999995	552	0	0.02058	0.67593	0.67551	0.999995	375	0	0.02058
PPP1R10	4	0.66398	0.66387	0.999995	344	0	-0.03061	0.67886	0.67838	0.999995	376	0	-0.03061
PTPN2	4	0.69607	0.69524	0.999995	367	0	0.0079662	0.67959	0.67912	0.999995	377	0	0.0079662
GSDMD	4	0.74724	0.74614	0.999995	403	0	0.011869	0.68032	0.67969	0.999995	378	0	0.011869
ATF1	4	0.56166	0.5631	0.999995	284	1	0.027961	0.68323	0.68255	0.999995	379	0	0.027961
IFNAR1	4	0.66473	0.66463	0.999995	345	0	0.0082023	0.68468	0.6841	0.999995	380	0	0.0082023
WWC3	4	0.47557	0.49007	0.999995	243	1	-0.023111	0.68755	0.68696	0.999995	381	0	-0.023111
PIK3CA	4	0.32149	0.37848	0.999995	174	1	-0.018955	0.68899	0.68826	0.999995	382	0	-0.018955
C3	4	0.65941	0.65912	0.999995	340	0	-0.023788	0.6897	0.6889	0.999995	383	0	-0.023788
MAP3K1	4	0.24954	0.33308	0.999995	151	1	0.012924	0.69112	0.69032	0.999995	384	0	0.012924
KAT5	4	0.87825	0.87853	0.999995	483	0	0.026766	0.69325	0.6923	0.999995	385	0	0.026766
YY1	4	0.35545	0.4014	0.999995	188	1	-0.044945	0.69466	0.6939	0.999995	386	0	-0.044945
IL18R1	4	0.66549	0.66538	0.999995	346	0	-0.0030849	0.69747	0.69702	0.999995	387	0	-0.0030849
WDR61	4	0.85841	0.85859	0.999995	465	0	0.029242	0.70026	0.69978	0.999995	388	0	0.029242
PRKRA	4	0.36037	0.40498	0.999995	190	1	0.011907	0.70095	0.70039	0.999995	389	0	0.011907
SMAD7	4	0.7616	0.76064	0.999995	412	0	-0.016034	0.70441	0.70374	0.999995	390	0	-0.016034
L3MBTL3	4	0.56809	0.5693	0.999995	289	1	-0.018397	0.70578	0.70537	0.999995	391	0	-0.018397
UQCRH	4	0.031357	0.075407	0.786385	56	1	0.011763	0.70851	0.70825	0.999995	392	0	0.011763
RCL1	4	0.61954	0.61822	0.999995	316	0	0.019094	0.70987	0.70956	0.999995	393	0	0.019094
MYD88	4	0.7847	0.78374	0.999995	425	0	-0.0069592	0.71055	0.71016	0.999995	394	0	-0.0069592
ARPC4-TTLL3	4	0.49844	0.5079	0.999995	252	1	-0.030304	0.71325	0.71268	0.999995	395	0	-0.030304
VHL	4	0.19418	0.29883	0.999995	137	2	-0.042384	0.71392	0.71327	0.999995	396	0	-0.042384
STAT2	4	0.72057	0.71992	0.999995	385	0	-0.022564	0.71526	0.71454	0.999995	397	0	-0.022564
COMMD7	4	0.10057	0.17115	0.999995	76	2	-0.03653	0.71659	0.71583	0.999995	398	0	-0.03653
MBL2	4	0.52841	0.53298	0.999995	268	1	0.019074	0.72188	0.7212	0.999995	399	0	0.019074
IFI30	4	0.44202	0.46408	0.999995	227	1	0.015669	0.72775	0.72712	0.999995	400	0	0.015669
SOCS1	4	0.96849	0.96833	0.999995	553	0	0.023239	0.72904	0.72846	0.999995	401	0	0.023239
FGF12	4	0.14455	0.23217	0.999995	97	2	-0.064914	0.73033	0.72953	0.999995	402	0	-0.064914
FOXF1	4	0.44091	0.4632	0.999995	226	1	-0.004782	0.73097	0.73013	0.999995	403	0	-0.004782
CCDC22	4	0.066931	0.12479	0.999995	67	2	-0.05074	0.73225	0.73143	0.999995	404	0	-0.05074
JAGN1	4	0.60692	0.60588	0.999995	306	1	0.016971	0.73352	0.7326	0.999995	405	0	0.016971
GOSR2	4	0.63185	0.63021	0.999995	322	0	-0.0061443	0.73542	0.73435	0.999995	406	0	-0.0061443
CYBB	4	0.42636	0.45224	0.999995	219	1	0.004771	0.73669	0.7357	0.999995	407	0	0.004771
POU2F2	4	0.71055	0.71016	0.999995	378	0	-0.00017153	0.74968	0.74874	0.999995	408	0	-0.00017153
IL10	4	0.53906	0.54254	0.999995	273	1	0.011582	0.7521	0.7513	0.999995	409	0	0.011582
HLA-A	4	0.6478	0.64699	0.999995	332	0	-0.014886	0.7527	0.75204	0.999995	410	0	-0.014886
AGPAT1	4	0.15574	0.24705	0.999995	104	2	-0.032974	0.7557	0.75493	0.999995	411	0	-0.032974
SBNO2	4	0.00059829	0.0021924	0.067387	19	3	-0.13298	0.75689	0.756	0.999995	412	0	-0.13298
CNEP1R1	4	0.77422	0.7731	0.999995	419	0	-0.0011989	0.75748	0.75659	0.999995	413	0	-0.0011989
ACTL6A	4	0.18682	0.28906	0.999995	129	1	-0.020627	0.75925	0.75814	0.999995	414	0	-0.020627
ZC3H13	4	0.63749	0.63609	0.999995	325	0	-0.033197	0.76043	0.75948	0.999995	415	0	-0.033197
FOXM1	4	0.73416	0.73334	0.999995	396	0	-0.0065346	0.76102	0.76006	0.999995	416	0	-0.0065346
TMCO4	4	0.53133	0.5358	0.999995	269	1	-0.00015643	0.76219	0.76115	0.999995	417	0	-0.00015643
SEPHS2	4	0.64148	0.64041	0.999995	328	0	-0.012884	0.76567	0.76476	0.999995	418	0	-0.012884
CLIC1	4	0.46492	0.48184	0.999995	235	1	-0.028769	0.76683	0.76592	0.999995	419	0	-0.028769
TRAF3	4	0.0058659	0.016673	0.324566	30	3	-0.087036	0.7674	0.76635	0.999995	420	0	-0.087036
ATP6AP1	4	0.16977	0.26635	0.999995	119	2	-0.031841	0.76797	0.76704	0.999995	421	0	-0.031841
HLA-DMA	4	0.19082	0.29428	0.999995	133	2	-0.017172	0.76912	0.76819	0.999995	422	0	-0.017172
IL2RG	4	0.012858	0.034182	0.511857	39	2	-0.058434	0.77366	0.77247	0.999995	423	0	-0.058434
SMARCC2	4	0.14701	0.23557	0.999995	99	2	-0.015288	0.77422	0.7731	0.999995	424	0	-0.015288
TNFRSF11A	4	0.667	0.66701	0.999995	348	0	-0.010139	0.77978	0.77856	0.999995	425	0	-0.010139
CD40	4	0.93023	0.93102	0.999995	525	0	0.010509	0.78143	0.78032	0.999995	426	0	0.010509
TGFB1	4	0.61536	0.61403	0.999995	312	0	-0.035821	0.78198	0.78076	0.999995	427	0	-0.035821
CASP4	4	0.16655	0.26189	0.999995	114	2	-0.021387	0.78307	0.78193	0.999995	428	0	-0.021387
IRF2	4	0.14887	0.23786	0.999995	100	2	-0.050855	0.7847	0.78374	0.999995	429	0	-0.050855
DAD1	4	0.33548	0.38791	0.999995	181	1	0.0056759	0.78525	0.78421	0.999995	430	0	0.0056759
PPM1D	4	0.59312	0.5924	0.999995	299	1	-0.024078	0.7874	0.78669	0.999995	431	0	-0.024078
RIPK1	4	0.5146	0.52118	0.999995	261	1	-0.019079	0.78901	0.78836	0.999995	432	0	-0.019079
ZCCHC24	4	0.9257	0.92633	0.999995	522	0	0.0085605	0.79061	0.79009	0.999995	433	0	0.0085605
MALT1	4	0.82583	0.82616	0.999995	446	0	0.017253	0.79114	0.79065	0.999995	434	0	0.017253
E2F7	4	0.6774	0.67681	0.999995	357	0	0.012962	0.79167	0.79113	0.999995	435	0	0.012962
PSCA	4	0.40921	0.43948	0.999995	211	1	-0.026158	0.79272	0.79209	0.999995	436	0	-0.026158
CFB	4	0.027547	0.066934	0.723881	54	3	-0.053359	0.7943	0.79381	0.999995	437	0	-0.053359
MIDN	4	0.18749	0.28988	0.999995	130	2	-0.024719	0.79482	0.79431	0.999995	438	0	-0.024719
HLA-DMB	4	0.29679	0.3626	0.999995	164	1	-0.026389	0.79691	0.7963	0.999995	439	0	-0.026389
TNFSF15	4	0.40108	0.43331	0.999995	207	1	-0.0076829	0.80051	0.79988	0.999995	440	0	-0.0076829
DMAP1	4	0.24816	0.33225	0.999995	150	1	0.026573	0.80103	0.80035	0.999995	441	0	0.026573
FLOT1	4	0.935	0.93569	0.999995	532	0	0.010021	0.80154	0.80086	0.999995	442	0	0.010021
PAIP1	4	0.68755	0.68696	0.999995	361	0	0.0032609	0.80508	0.80466	0.999995	443	0	0.0032609
AICDA	4	0.8592	0.85949	0.999995	466	0	-0.0044935	0.81495	0.81495	0.999995	444	0	-0.0044935
PRKCE	4	0.33674	0.3887	0.999995	182	1	-0.016647	0.81832	0.81839	0.999995	445	0	-0.016647
TNFRSF1A	4	0.45953	0.47775	0.999995	234	1	-0.0059828	0.81927	0.8194	0.999995	446	0	-0.0059828
TLR10	4	0.85959	0.85988	0.999995	467	0	0.0072523	0.82022	0.82036	0.999995	447	0	0.0072523
TAB1	4	0.15826	0.25053	0.999995	106	2	-0.039851	0.82116	0.82125	0.999995	448	0	-0.039851
CCDC88B	4	0.45519	0.47442	0.999995	231	1	-0.001418	0.82164	0.82171	0.999995	449	0	-0.001418
SGMS1	4	0.0056387	0.016247	0.324566	29	3	-0.076434	0.82304	0.82328	0.999995	450	0	-0.076434
ATAD2B	4	0.30857	0.36941	0.999995	167	1	0.011651	0.82398	0.8243	0.999995	451	0	0.011651
TRIM26	4	0.55422	0.55638	0.999995	282	1	-0.018296	0.82583	0.82616	0.999995	452	0	-0.018296
RDH14	4	0.62532	0.62375	0.999995	319	0	0.017548	0.82676	0.82703	0.999995	453	0	0.017548
IKBKB	4	0.25644	0.33709	0.999995	155	1	0.0046832	0.82859	0.82876	0.999995	454	0	0.0046832
SKIV2L	4	0.92298	0.92373	0.999995	517	0	0.017801	0.83087	0.831	0.999995	455	0	0.017801
VARS2	4	0.79949	0.79896	0.999995	430	0	-0.016046	0.83132	0.83136	0.999995	456	0	-0.016046
TRAF6	4	0.14149	0.22792	0.999995	95	2	-0.03641	0.83177	0.83175	0.999995	457	0	-0.03641
TLR5	4	0.92423	0.92486	0.999995	521	0	0.008106	0.83222	0.83228	0.999995	458	0	0.008106
CISH	4	0.82859	0.82876	0.999995	449	0	0.0060616	0.83267	0.83276	0.999995	459	0	0.0060616
STK4	4	0.013378	0.03534	0.515968	40	3	-0.061104	0.83579	0.83614	0.999995	460	0	-0.061104
NLRC5	4	0.033368	0.07797	0.798854	57	2	-0.051418	0.83667	0.83702	0.999995	461	0	-0.051418
SUOX	4	0.10328	0.17488	0.999995	79	2	-0.041256	0.83799	0.83829	0.999995	462	0	-0.041256
RCAN1	4	0.19283	0.297	0.999995	136	2	-0.036646	0.8393	0.83954	0.999995	463	0	-0.036646
DOCK8	4	0.02028	0.050801	0.605462	49	3	-0.090737	0.84189	0.84175	0.999995	464	0	-0.090737
CDHR3	4	0.43087	0.45562	0.999995	221	1	-0.0093149	0.84318	0.84305	0.999995	465	0	-0.0093149
DLG5	4	0.1249	0.20466	0.999995	87	1	-0.020229	0.84699	0.84713	0.999995	466	0	-0.020229
ZCCHC11	4	0.94239	0.94325	0.999995	535	0	0.010365	0.84783	0.84787	0.999995	467	0	0.010365
OTUD3	4	0.43758	0.46064	0.999995	224	1	-0.027432	0.84908	0.84929	0.999995	468	0	-0.027432
HIF1A	4	0.92643	0.92721	0.999995	523	0	0.001521	0.85073	0.85101	0.999995	469	0	0.001521
ZEB2	4	0.008033	0.022196	0.392801	33	3	-0.070844	0.85722	0.85735	0.999995	470	0	-0.070844
HLA-DRB1	4	0.10928	0.18323	0.999995	81	2	-0.033455	0.85761	0.85778	0.999995	471	0	-0.033455
NEDD8	4	0.69325	0.6923	0.999995	365	0	0.0093406	0.8592	0.85949	0.999995	472	0	0.0093406
MICA	4	0.24677	0.33138	0.999995	149	1	0.0093234	0.86038	0.86072	0.999995	473	0	0.0093234
ETS2	4	0.67223	0.67192	0.999995	353	0	0.0030564	0.86155	0.86168	0.999995	474	0	0.0030564
C1GALT1C1L	4	0.3677	0.41002	0.999995	194	1	-0.038956	0.86271	0.86298	0.999995	475	0	-0.038956
WAS	4	0.49536	0.50517	0.999995	251	1	-0.0076381	0.8631	0.86341	0.999995	476	0	-0.0076381
SHARPIN	4	0.51559	0.52228	0.999995	262	1	-0.013659	0.86578	0.8661	0.999995	477	0	-0.013659
HAT1	4	0.2314	0.32195	0.999995	146	1	-0.0018163	0.86654	0.86687	0.999995	478	0	-0.0018163
PDPK1	4	0.42749	0.45296	0.999995	220	1	-0.018975	0.86692	0.86714	0.999995	479	0	-0.018975
MYB	4	0.63266	0.63118	0.999995	323	0	-0.024629	0.8673	0.86745	0.999995	480	0	-0.024629
NUMA1	4	0.31376	0.37317	0.999995	170	1	-0.027606	0.87029	0.87026	0.999995	481	0	-0.027606
LRRC32	4	0.8754	0.87551	0.999995	478	0	0.0088164	0.87323	0.87325	0.999995	482	0	0.0088164
E2F1	4	0.12888	0.20992	0.999995	89	2	-0.02586	0.87468	0.87467	0.999995	483	0	-0.02586
STAT3	4	0.62367	0.62212	0.999995	318	0	-0.0087662	0.87755	0.87777	0.999995	484	0	-0.0087662
PPIF	4	0.46706	0.48337	0.999995	236	1	-0.0056155	0.88071	0.88081	0.999995	485	0	-0.0056155
TRIB1	4	0.06442	0.12162	0.999995	64	1	-0.012099	0.88279	0.88303	0.999995	486	0	-0.012099
TBCE	4	0.54002	0.54357	0.999995	274	1	-0.0073058	0.88618	0.88647	0.999995	487	0	-0.0073058
SLC35C1	4	0.20141	0.30435	0.999995	139	1	-0.024268	0.89049	0.89086	0.999995	488	0	-0.024268
RIPK2	4	0.27008	0.34529	0.999995	158	1	-0.019769	0.89531	0.89592	0.999995	489	0	-0.019769
TRAPPC9	4	0.58431	0.58415	0.999995	294	1	-0.0031143	0.89594	0.89639	0.999995	490	0	-0.0031143
MUC21	4	0.61787	0.61657	0.999995	314	0	-0.038541	0.89812	0.89844	0.999995	491	0	-0.038541
CCNG1	4	0.47768	0.49161	0.999995	244	1	-0.012291	0.89843	0.89879	0.999995	492	0	-0.012291
RFXAP	4	0.65634	0.65598	0.999995	337	0	-0.040342	0.90027	0.90072	0.999995	493	0	-0.040342
RPSA	4	0.046342	0.096103	0.92007	61	2	-0.033583	0.90057	0.90099	0.999995	494	0	-0.033583
RALBP1	4	0.55046	0.55321	0.999995	279	1	-0.0076562	0.90208	0.90271	0.999995	495	0	-0.0076562
IQCH	4	0.0064649	0.018227	0.343371	31	3	-0.083362	0.90328	0.90393	0.999995	496	0	-0.083362
HAX1	4	0.096811	0.16602	0.999995	74	2	-0.035538	0.90357	0.90426	0.999995	497	0	-0.035538
CXCR4	4	0.30335	0.36615	0.999995	165	1	-0.010573	0.90417	0.90487	0.999995	498	0	-0.010573
NSMCE2	4	0.16591	0.26107	0.999995	113	2	-0.023673	0.90651	0.90744	0.999995	499	0	-0.023673
RNF31	4	0.066011	0.12358	0.999995	65	2	-0.052173	0.90795	0.90884	0.999995	500	0	-0.052173
RBCK1	4	0.11555	0.19186	0.999995	83	1	-0.023828	0.90938	0.91051	0.999995	501	0	-0.023828
LST1	4	0.0032682	0.010269	0.230658	26	3	-0.089416	0.9141	0.91512	0.999995	502	0	-0.089416
ATP5D	4	0.40805	0.43859	0.999995	210	1	-0.011539	0.91437	0.91538	0.999995	503	0	-0.011539
COMMD6	4	0.32277	0.37927	0.999995	175	1	-0.015517	0.91652	0.91738	0.999995	504	0	-0.015517
DHX15	4	0.017154	0.043694	0.560756	45	3	-0.054769	0.92044	0.9213	0.999995	505	0	-0.054769
CCR6	4	0.22008	0.31533	0.999995	143	1	-0.024598	0.92472	0.92534	0.999995	506	0	-0.024598
TAB3	4	0.25093	0.33383	0.999995	152	1	-0.010777	0.92668	0.92744	0.999995	507	0	-0.010777
EHMT2	4	0.06647	0.12415	0.999995	66	2	-0.044639	0.9274	0.92817	0.999995	508	0	-0.044639
RFXANK	4	0.70026	0.69978	0.999995	371	0	-0.027414	0.92859	0.92936	0.999995	509	0	-0.027414
TIRAP	4	0.70509	0.70458	0.999995	375	0	-0.003419	0.92953	0.93028	0.999995	510	0	-0.003419
TCF19	4	0.60178	0.60073	0.999995	304	1	-0.0032336	0.93	0.93075	0.999995	511	0	-0.0032336
VSIG4	4	0.67519	0.67479	0.999995	355	0	-0.016763	0.93162	0.9325	0.999995	512	0	-0.016763
SPP1	4	0.85722	0.85735	0.999995	464	0	-0.010653	0.93411	0.93486	0.999995	513	0	-0.010653
RAD54L	4	0.81784	0.81798	0.999995	440	0	-0.014794	0.93522	0.9359	0.999995	514	0	-0.014794
TFDP1	4	0.50657	0.51462	0.999995	258	1	-0.029936	0.93631	0.93702	0.999995	515	0	-0.029936
AKT1	4	0.64858	0.64781	0.999995	333	0	-0.014708	0.93951	0.94026	0.999995	516	0	-0.014708
BCL10	4	0.58074	0.58062	0.999995	293	1	-0.024608	0.93972	0.94049	0.999995	517	0	-0.024608
SLC12A5	4	0.099805	0.17004	0.999995	75	1	-0.025262	0.94158	0.94224	0.999995	518	0	-0.025262
IKBKE	4	0.092584	0.16004	0.999995	72	2	-0.046692	0.94259	0.94347	0.999995	519	0	-0.046692
RAB18	4	0.83222	0.83228	0.999995	453	0	-0.0083847	0.94279	0.9437	0.999995	520	0	-0.0083847
C6orf47	4	0.00067156	0.0025487	0.074422	20	3	-0.1095	0.94535	0.94611	0.999995	521	0	-0.1095
IRAK1	4	0.0011054	0.0041818	0.111009	22	3	-0.11808	0.95076	0.95151	0.999995	522	0	-0.11808
MAP2K7	4	0.6187	0.61736	0.999995	315	0	-0.020297	0.95201	0.95279	0.999995	523	0	-0.020297
BRD2	4	0.17497	0.27311	0.999995	122	2	-0.043471	0.95253	0.95321	0.999995	524	0	-0.043471
COMMD1	4	0.060157	0.11531	0.999995	63	2	-0.053433	0.95357	0.9541	0.999995	525	0	-0.053433
IL6ST	4	0.56626	0.5676	0.999995	287	1	-0.040525	0.95707	0.95763	0.999995	526	0	-0.040525
KIAA1683	4	0.0035763	0.01113	0.240741	27	3	-0.084144	0.95866	0.95888	0.999995	527	0	-0.084144
SAMD9	4	0.54384	0.54727	0.999995	276	1	-0.02209	0.9596	0.95975	0.999995	528	0	-0.02209
IRF5	4	0.0093976	0.025551	0.414232	36	3	-0.066154	0.96127	0.96153	0.999995	529	0	-0.066154
SLC35A1	4	0.012149	0.032302	0.496425	38	3	-0.057697	0.96231	0.96245	0.999995	530	0	-0.057697
GSDMA	4	0.74846	0.74745	0.999995	405	0	-0.016429	0.96318	0.96323	0.999995	531	0	-0.016429
MAP3K7	4	0.069254	0.12773	0.999995	69	2	-0.076858	0.96418	0.96442	0.999995	532	0	-0.076858
MAP2K2	4	0.01542	0.040151	0.560756	41	2	-0.06042	0.9653	0.96537	0.999995	533	0	-0.06042
IGSF11	4	0.42523	0.45138	0.999995	218	1	-0.021991	0.96679	0.96694	0.999995	534	0	-0.021991
CD14	4	0.25231	0.33456	0.999995	153	1	-0.045669	0.96692	0.96705	0.999995	535	0	-0.045669
ITPA	4	0.11668	0.19322	0.999995	84	2	-0.060616	0.96785	0.96782	0.999995	536	0	-0.060616
RBX1	4	0.016184	0.041685	0.560756	43	3	-0.065775	0.96798	0.96796	0.999995	537	0	-0.065775
TYK2	4	0.57716	0.57751	0.999995	292	1	-0.020352	0.96888	0.96874	0.999995	538	0	-0.020352
TUBA1C	4	0.39991	0.43267	0.999995	206	1	-0.04475	0.96938	0.96933	0.999995	539	0	-0.04475
CASP8	4	0.35298	0.39974	0.999995	187	1	-0.031219	0.97086	0.97097	0.999995	540	0	-0.031219
AKIRIN2	4	0.0010032	0.0037661	0.104734	21	3	-0.11884	0.9717	0.97172	0.999995	541	0	-0.11884
KMT2D	4	0.0083418	0.022968	0.394509	34	3	-0.073697	0.97388	0.97385	0.999995	542	0	-0.073697
CARD6	4	0.18417	0.28574	0.999995	127	2	-0.0453	0.97399	0.97393	0.999995	543	0	-0.0453
ZMAT5	4	0.19216	0.29616	0.999995	135	2	-0.043917	0.97551	0.9756	0.999995	544	0	-0.043917
CTNND1	4	0.39286	0.4274	0.999995	203	1	-0.027124	0.97757	0.97745	0.999995	545	0	-0.027124
MAP2K1	4	0.017934	0.045248	0.562231	47	2	-0.073949	0.97777	0.97768	0.999995	546	0	-0.073949
KSR2	4	0.043588	0.092392	0.913632	59	2	-0.047754	0.97816	0.97806	0.999995	547	0	-0.047754
IRAK2	4	0.041366	0.089531	0.901485	58	2	-0.039265	0.98067	0.98096	0.999995	548	0	-0.039265
ATF6B	4	0.024197	0.059451	0.694393	50	3	-0.068645	0.98222	0.98247	0.999995	549	0	-0.068645
NEUROD4	4	0.02497	0.061372	0.69592	51	3	-0.046915	0.98272	0.983	0.999995	550	0	-0.046915
ATXN7L3	4	0.019201	0.048267	0.587247	48	3	-0.068436	0.98344	0.98372	0.999995	551	0	-0.068436
TYMP	4	0.15889	0.25149	0.999995	107	2	-0.094116	0.98422	0.98452	0.999995	552	0	-0.094116
TMEM70	4	0.5116	0.51869	0.999995	260	1	-0.035993	0.98437	0.98467	0.999995	553	0	-0.035993
DRAP1	4	0.0024222	0.0081014	0.189249	25	3	-0.10756	0.98453	0.98476	0.999995	554	0	-0.10756
NFATC1	4	0.068786	0.12708	0.999995	68	2	-0.050543	0.98497	0.98525	0.999995	555	0	-0.050543
TOLLIP	4	0.044752	0.093866	0.913632	60	2	-0.073534	0.98534	0.98553	0.999995	556	0	-0.073534
NOD1	4	0.11399	0.18981	0.999995	82	2	-0.037041	0.98577	0.98594	0.999995	557	0	-0.037041
RFWD2	4	0.0097161	0.026244	0.414232	37	3	-0.11987	0.98745	0.98783	0.999995	558	0	-0.11987
IKBKG	4	0.017402	0.044169	0.560756	46	3	-0.081453	0.98939	0.98962	0.999995	559	0	-0.081453
AAGAB	4	0.16271	0.25667	0.999995	112	2	-0.054203	0.99042	0.99081	0.999995	560	0	-0.054203
TTLL7	4	0.1962	0.3016	0.999995	138	2	-0.056818	0.9919	0.99227	0.999995	561	0	-0.056818
CSNK1A1	4	0.0011699	0.0044194	0.112214	23	3	-0.14723	0.99222	0.99246	0.999995	562	0	-0.14723
MSN	4	0.53713	0.54101	0.999995	272	1	-0.040675	0.99227	0.9925	0.999995	563	0	-0.040675
RELA	4	0.00046793	0.0017668	0.057322	18	3	-0.18247	0.99356	0.99369	0.999995	564	0	-0.18247
CRK	4	0.15953	0.25238	0.999995	108	2	-0.04424	0.99402	0.99408	0.999995	565	0	-0.04424
MAF	4	0.0023437	0.007943	0.189249	24	3	-0.14944	0.99533	0.99523	0.999995	566	0	-0.14944
HSPA1B	4	0.17562	0.27388	0.999995	123	2	-0.05133	0.99621	0.99626	0.999995	567	0	-0.05133
CEBPB	4	0.016065	0.041408	0.560756	42	3	-0.067685	0.99701	0.99701	0.999995	568	0	-0.067685
NIPBL	4	0.0091375	0.024938	0.414232	35	3	-0.10699	0.99705	0.99704	0.999995	569	0	-0.10699
PELI1	4	0.00032846	0.0012323	0.051404	14	4	-0.14983	0.99884	0.99873	0.999995	570	0	-0.14983
FLI1	4	0.00042332	0.0015787	0.054233	17	4	-0.13681	0.99958	0.9996	0.999995	571	0	-0.13681
IKZF1	4	0.00039857	0.0015391	0.054233	15	4	-0.10078	0.9996	0.99963	0.999995	572	0	-0.10078
MAPKAPK2	4	0.00012283	0.00046025	0.020676	13	4	-0.15796	0.99988	0.99984	0.999995	573	0	-0.15796
IER3	4	3.7509e-05	0.00017321	0.00843	12	4	-0.1577	0.99996	0.99995	0.999995	574	0	-0.1577
NFKBIA	4	3.6694e-05	0.00017321	0.00843	11	4	-0.28524	0.99996	0.99995	0.999995	575	0	-0.28524
IRF8	4	1.977e-05	7.4234e-05	0.004335	10	4	-0.36673	0.99998	0.99998	0.999995	576	0	-0.36673
IRF1	4	1.6005e-05	4.454e-05	0.00289	9	4	-0.3349	0.99998	0.99998	0.999995	577	0	-0.3349
TLR4	4	2.6994e-06	4.9489e-06	0.000361	7	4	-0.44139	0.99999	0.99999	0.999995	578	0	-0.44139
MAP2K3	4	4.3499e-06	4.9489e-06	0.000361	8	4	-0.15679	1.0	1.0	0.999995	579	0	-0.15679
MAP3K8	4	1.2198e-06	4.9489e-06	0.000361	6	4	-0.36423	1.0	1.0	0.999995	580	0	-0.36423
TNF	4	4.9243e-09	4.9489e-06	0.000361	2	4	-1.467	1.0	1.0	0.999995	581	0	-1.467
TICAM2	4	2.9831e-07	4.9489e-06	0.000361	5	4	-0.40877	1.0	1.0	0.999995	582	0	-0.40877
NFKBIZ	4	2.7701e-07	4.9489e-06	0.000361	4	4	-0.40079	1.0	1.0	0.999995	583	0	-0.40079
TICAM1	4	8.2314e-08	4.9489e-06	0.000361	3	4	-0.22798	1.0	1.0	0.999995	584	0	-0.22798
