id	num	neg|score	neg|p-value	neg|fdr	neg|rank	neg|goodsgrna	neg|lfc	pos|score	pos|p-value	pos|fdr	pos|rank	pos|goodsgrna	pos|lfc
Non-Targeting	1186	4.624e-136	4.9489e-06	0.00017	1	0	0.0	-7.6652e-111	4.9489e-06	0.000482	1	0	0.0
TNFAIP3	8	0.13154	0.25812	0.999995	104	1	0.6755	4.4231e-18	4.9489e-06	0.000482	2	7	0.6755
ZFP36	8	1.0	1.0	0.999995	583	0	0.54941	8.9636e-18	4.9489e-06	0.000482	3	8	0.54941
DUSP1	8	1.0	1.0	0.999995	584	0	0.28964	1.4069e-17	4.9489e-06	0.000482	4	8	0.28964
MITF	8	1.0	1.0	0.999995	582	0	0.28457	1.2882e-12	4.9489e-06	0.000482	5	8	0.28457
FOS	8	0.98558	0.98527	0.999995	556	0	0.16623	5.669e-11	4.9489e-06	0.000482	6	7	0.16623
RC3H1	8	0.99999	0.99996	0.999995	581	0	0.12971	9.5679e-06	1.4847e-05	0.001239	7	6	0.12971
POLR2L	8	0.92958	0.92896	0.999995	496	0	0.073916	2.2576e-05	9.403e-05	0.006864	8	6	0.073916
ADO	8	0.99641	0.99636	0.999995	570	0	0.10102	5.6787e-05	0.0002227	0.014162	9	6	0.10102
NFKB1	8	0.99223	0.99218	0.999995	564	0	0.076612	6.667e-05	0.0002425	0.014162	10	6	0.076612
CHUK	8	0.98463	0.98449	0.999995	554	0	0.056668	7.1974e-05	0.00030188	0.016027	11	4	0.056668
MYCBP2	8	0.99989	0.99987	0.999995	580	0	0.10177	9.489e-05	0.00046025	0.022399	12	6	0.10177
CYLD	8	0.99718	0.99709	0.999995	572	0	0.060569	0.00030518	0.0015886	0.071365	13	6	0.060569
REL	8	0.96906	0.96981	0.999995	542	0	0.062711	0.00056771	0.0029248	0.122007	14	4	0.062711
EIF2AK2	8	0.98967	0.98947	0.999995	561	0	0.065965	0.0010761	0.0052508	0.193461	15	5	0.065965
SLITRK4	8	0.78374	0.78188	0.999995	393	1	-0.0051151	0.0010922	0.0053003	0.193461	16	3	-0.0051151
RABGGTA	8	0.96066	0.96114	0.999995	529	0	0.051336	0.0014472	0.0065276	0.224243	17	4	0.051336
RHOA	8	0.54179	0.62018	0.999995	281	1	0.040338	0.0036492	0.015515	0.503372	18	4	0.040338
ACVR1B	8	0.99783	0.99777	0.999995	573	0	0.054299	0.0040753	0.017049	0.524034	19	5	0.054299
JUNB	8	0.99368	0.99373	0.999995	566	0	0.062596	0.0046449	0.01894	0.553035	20	4	0.062596
LEO1	8	0.4128	0.54867	0.999995	237	2	0.053749	0.0056015	0.021869	0.608175	21	4	0.053749
RAD54B	8	0.99957	0.99956	0.999995	579	0	0.043518	0.0067614	0.025096	0.666185	22	3	0.043518
TBK1	8	0.9351	0.93436	0.999995	504	0	0.045837	0.0075981	0.02765	0.687283	23	3	0.045837
OTULIN	8	0.98144	0.98148	0.999995	551	0	0.026792	0.0082297	0.029134	0.687283	24	3	0.026792
CUL5	8	0.99686	0.99681	0.999995	571	0	0.052435	0.0083516	0.029421	0.687283	25	4	0.052435
SFPQ	8	0.82366	0.8225	0.999995	415	0	0.052795	0.010469	0.035024	0.772192	26	3	0.052795
CD19	8	0.54092	0.61981	0.999995	280	1	0.016627	0.010874	0.036162	0.772192	27	3	0.016627
CD36	8	0.81286	0.81127	0.999995	409	0	0.037611	0.011213	0.037023	0.772192	28	4	0.037611
TUBGCP2	8	0.60896	0.65446	0.999995	308	1	0.054974	0.011985	0.039012	0.785629	29	4	0.054974
MS4A14	8	0.99912	0.99912	0.999995	575	0	0.066621	0.013019	0.041972	0.805132	30	4	0.066621
CREB1	8	0.93042	0.9298	0.999995	499	0	0.07218	0.013621	0.043585	0.805132	31	3	0.07218
TNFRSF14	8	0.94475	0.94451	0.999995	514	0	0.032419	0.013975	0.044605	0.805132	32	3	0.032419
GSK3B	8	0.86008	0.85918	0.999995	436	0	0.043135	0.014273	0.045495	0.805132	33	4	0.043135
PLEKHB2	8	0.9995	0.99947	0.999995	578	0	0.047352	0.015777	0.049346	0.824191	34	4	0.047352
MAPK14	8	0.99926	0.99929	0.999995	576	0	0.045702	0.016928	0.052335	0.824191	35	4	0.045702
TLR2	8	0.091325	0.19511	0.999995	81	2	0.034159	0.017384	0.053473	0.824191	36	3	0.034159
IFNGR2	8	0.99944	0.99944	0.999995	577	0	0.04291	0.018228	0.055789	0.824191	37	4	0.04291
DLEC1	8	0.67832	0.6972	0.999995	333	1	0.034063	0.018516	0.056522	0.824191	38	4	0.034063
OAS2	8	0.88823	0.88802	0.999995	455	0	0.021123	0.018805	0.057215	0.824191	39	3	0.021123
RXRA	8	0.97211	0.97282	0.999995	545	0	0.050716	0.019296	0.058521	0.824191	40	4	0.050716
INPP5D	8	0.99291	0.99292	0.999995	565	0	0.047795	0.019814	0.059927	0.824191	41	4	0.047795
CTCF	8	0.96096	0.96144	0.999995	530	0	0.042906	0.021006	0.063203	0.824191	42	3	0.042906
RNF25	8	0.24457	0.38397	0.999995	154	2	0.017508	0.021448	0.064202	0.824191	43	4	0.017508
OTUD7B	8	0.013504	0.0441	0.559877	46	3	0.017763	0.021772	0.065103	0.824191	44	3	0.017763
NLRX1	8	0.53305	0.61615	0.999995	276	1	0.012124	0.021916	0.065489	0.824191	45	2	0.012124
TGFBR1	8	0.793	0.79082	0.999995	398	1	0.048307	0.021983	0.065687	0.824191	46	4	0.048307
PICALM	8	0.13467	0.2633	0.999995	107	2	0.029714	0.022199	0.06633	0.824191	47	4	0.029714
NINJ1	8	0.93635	0.93564	0.999995	505	0	0.054562	0.023414	0.069201	0.841944	48	4	0.054562
ARIH2	8	0.90666	0.90598	0.999995	476	0	0.048267	0.025376	0.07416	0.845475	49	4	0.048267
PPARA	8	0.70051	0.71232	0.999995	345	1	0.022622	0.025501	0.074516	0.845475	50	3	0.022622
XPR1	8	0.99547	0.99546	0.999995	569	0	0.030166	0.027229	0.079118	0.845475	51	3	0.030166
BCL3	8	0.66996	0.69214	0.999995	330	1	0.045867	0.027319	0.079297	0.845475	52	4	0.045867
LINGO2	8	0.30016	0.43773	0.999995	177	1	-0.018037	0.027582	0.07992	0.845475	53	3	-0.018037
MERTK	8	0.14509	0.28018	0.999995	114	1	0.015765	0.028199	0.081405	0.845475	54	4	0.015765
BRD7	8	0.80023	0.79835	0.999995	405	0	0.025211	0.028211	0.081444	0.845475	55	2	0.025211
RNF40	8	0.91252	0.91201	0.999995	482	0	0.045831	0.028454	0.082108	0.845475	56	4	0.045831
GYPE	8	0.50131	0.60122	0.999995	268	1	0.047627	0.029097	0.083602	0.845475	57	4	0.047627
DDX18	8	0.67061	0.6925	0.999995	331	1	0.0356	0.029227	0.083968	0.845475	58	4	0.0356
CTSZ	8	0.26292	0.40162	0.999995	160	1	0.046182	0.030278	0.086473	0.855932	59	4	0.046182
KAT5	8	0.62013	0.66101	0.999995	312	1	0.033582	0.032308	0.090758	0.883382	60	2	0.033582
ITGB2	8	0.35935	0.49588	0.999995	205	1	0.033065	0.034996	0.095311	0.907748	61	3	0.033065
GHITM	8	0.91729	0.91668	0.999995	486	0	0.023693	0.035531	0.09637	0.907748	62	2	0.023693
MAN1C1	8	0.2267	0.36722	0.999995	145	1	0.030814	0.037376	0.099746	0.913259	63	3	0.030814
KLRC4-KLRK1	8	0.37121	0.50735	0.999995	213	2	-0.0016162	0.039619	0.10358	0.913259	64	3	-0.0016162
PGM3	8	0.87855	0.87853	0.999995	449	0	0.024385	0.040023	0.10423	0.913259	65	2	0.024385
ERCC6	8	0.91631	0.91574	0.999995	485	0	0.020973	0.042742	0.1088	0.913259	66	2	0.020973
TTC33	8	0.47164	0.58745	0.999995	258	1	0.03145	0.043638	0.11034	0.913259	67	3	0.03145
CDK1	8	0.79643	0.79433	0.999995	401	0	0.011084	0.044328	0.1115	0.913259	68	3	0.011084
SLITRK5	8	0.4254	0.56152	0.999995	245	2	-0.0049971	0.045025	0.11249	0.913259	69	3	-0.0049971
TMEM176B	8	0.4068	0.54257	0.999995	234	2	0.035036	0.046674	0.11544	0.913259	70	3	0.035036
TXNDC17	8	0.93877	0.93841	0.999995	508	0	0.013108	0.047159	0.11637	0.913259	71	2	0.013108
CCDC174	8	0.56384	0.63167	0.999995	290	1	0.023641	0.048354	0.11841	0.913259	72	3	0.023641
DSG1	8	0.9852	0.98493	0.999995	555	0	0.037374	0.049223	0.11987	0.913259	73	2	0.037374
KRT10	8	0.16245	0.30645	0.999995	124	2	-0.0098432	0.051134	0.12334	0.913259	74	2	-0.0098432
ATP6V1B2	8	0.51877	0.60906	0.999995	273	1	0.028493	0.05131	0.12361	0.913259	75	3	0.028493
DAB2	8	0.96642	0.96707	0.999995	540	0	0.015226	0.05156	0.12403	0.913259	76	3	0.015226
DPP10	8	0.75022	0.75148	0.999995	371	1	0.0223	0.052063	0.125	0.913259	77	3	0.0223
LYZ	8	0.9487	0.94893	0.999995	516	0	0.037634	0.052316	0.12539	0.913259	78	3	0.037634
ZNF703	8	0.81444	0.8131	0.999995	410	0	0.02063	0.052569	0.12587	0.913259	79	3	0.02063
CFD	8	0.38334	0.51945	0.999995	220	1	0.02994	0.052771	0.12618	0.913259	80	3	0.02994
ERG	8	0.3777	0.51403	0.999995	217	1	0.001379	0.053026	0.12667	0.913259	81	3	0.001379
CSGALNACT1	8	0.91293	0.91244	0.999995	483	0	0.012862	0.05592	0.13166	0.93269	82	3	0.012862
MYB	8	0.86786	0.8675	0.999995	442	0	-0.0010069	0.056445	0.13256	0.93269	83	3	-0.0010069
JRK	8	0.68085	0.69894	0.999995	334	1	0.034106	0.060467	0.13973	0.971477	84	3	0.034106
TANK	8	0.43317	0.56909	0.999995	252	1	0.016673	0.063686	0.14516	0.984287	85	2	0.016673
SIGLEC5	8	0.33391	0.4714	0.999995	195	2	0.018151	0.064351	0.14616	0.984287	86	3	0.018151
IL18RAP	8	0.90182	0.90128	0.999995	471	0	0.034362	0.064607	0.14663	0.984287	87	2	0.034362
PTPRR	8	0.97643	0.97693	0.999995	548	0	0.026249	0.065769	0.14839	0.984794	88	3	0.026249
LEF1	8	0.81717	0.81596	0.999995	413	0	0.024962	0.068653	0.15365	0.989946	89	3	0.024962
BUD13	8	0.18464	0.32686	0.999995	131	1	0.014005	0.069006	0.15438	0.989946	90	2	0.014005
ZNF823	8	0.36398	0.50025	0.999995	209	1	0.0039693	0.070712	0.15738	0.989946	91	2	0.0039693
PRDM1	8	0.48905	0.59531	0.999995	264	1	0.018505	0.071005	0.15789	0.989946	92	3	0.018505
RELB	8	0.76366	0.76346	0.999995	378	1	0.019544	0.07119	0.15818	0.989946	93	2	0.019544
RPN1	8	0.89605	0.89545	0.999995	465	0	0.036278	0.071898	0.15934	0.989946	94	3	0.036278
FASLG	8	0.8862	0.88603	0.999995	454	0	-0.0013233	0.075431	0.16538	0.999995	95	2	-0.0013233
CTR9	8	0.2972	0.43493	0.999995	175	2	0.013149	0.075525	0.16553	0.999995	96	3	0.013149
ATP2B4	8	0.84397	0.84249	0.999995	424	0	0.026742	0.076754	0.16773	0.999995	97	3	0.026742
CYBA	8	0.29386	0.43124	0.999995	173	1	0.0086514	0.077031	0.16829	0.999995	98	2	0.0086514
IRF7	8	0.25765	0.39643	0.999995	158	1	0.021674	0.078629	0.17086	0.999995	99	1	0.021674
MAP2K6	8	0.59127	0.64543	0.999995	301	1	0.0024999	0.082089	0.17656	0.999995	100	3	0.0024999
PAF1	8	0.13232	0.25947	0.999995	105	2	0.044354	0.086051	0.18302	0.999995	101	3	0.044354
SNX13	8	0.15752	0.2998	0.999995	121	2	0.014863	0.087076	0.18463	0.999995	102	2	0.014863
FUT2	8	0.048394	0.12399	0.999995	64	2	0.040596	0.088592	0.18739	0.999995	103	3	0.040596
NFKBIB	8	0.33933	0.47652	0.999995	197	1	0.017827	0.090256	0.19038	0.999995	104	3	0.017827
DDOST	8	0.79771	0.79566	0.999995	403	0	-0.025215	0.09261	0.19419	0.999995	105	3	-0.025215
CBLL1	8	0.99215	0.99213	0.999995	563	0	0.027096	0.092949	0.19488	0.999995	106	3	0.027096
KRAS	8	0.4938	0.59766	0.999995	266	1	0.011488	0.093969	0.19671	0.999995	107	3	0.011488
IFNAR1	8	0.63174	0.668	0.999995	318	1	0.0099312	0.094475	0.19763	0.999995	108	1	0.0099312
HLA-DRB5	8	0.14417	0.27856	0.999995	112	2	-0.013764	0.096047	0.2	0.999995	109	1	-0.013764
TLR7	8	0.96254	0.96312	0.999995	532	0	0.0245	0.099693	0.20612	0.999995	110	2	0.0245
BPTF	8	0.78239	0.7807	0.999995	391	1	0.021887	0.10077	0.20809	0.999995	111	2	0.021887
GSX1	8	0.90204	0.90148	0.999995	472	0	0.012521	0.10374	0.2126	0.999995	112	3	0.012521
SERHL2	8	0.8616	0.86064	0.999995	438	0	0.014247	0.10402	0.21304	0.999995	113	2	0.014247
PAIP1	8	0.54782	0.6234	0.999995	282	1	0.0035054	0.10543	0.21534	0.999995	114	2	0.0035054
ANGPTL6	8	0.88923	0.88921	0.999995	457	0	0.041735	0.10662	0.21723	0.999995	115	3	0.041735
P2RY11	8	0.50873	0.60453	0.999995	271	1	0.0027765	0.10698	0.21777	0.999995	116	2	0.0027765
C2	8	0.27348	0.41171	0.999995	166	2	-0.034762	0.11285	0.22719	0.999995	117	2	-0.034762
FCGR2B	8	0.74143	0.74388	0.999995	366	1	-0.010042	0.11341	0.22806	0.999995	118	2	-0.010042
KIF15	8	0.073828	0.16661	0.999995	75	3	-0.027693	0.11472	0.23031	0.999995	119	1	-0.027693
INTS10	8	0.66274	0.68745	0.999995	326	1	0.020194	0.11622	0.23285	0.999995	120	3	0.020194
DEPDC5	8	0.37323	0.50941	0.999995	214	2	0.011606	0.11933	0.23805	0.999995	121	2	0.011606
TMEM176A	8	0.44762	0.577	0.999995	256	1	0.0073907	0.12001	0.23915	0.999995	122	3	0.0073907
MS4A7	8	0.87936	0.87923	0.999995	451	0	0.035944	0.12116	0.24102	0.999995	123	3	0.035944
GABRG2	8	0.59595	0.64781	0.999995	303	1	-0.018428	0.1224	0.24313	0.999995	124	1	-0.018428
GSDMA	8	0.94082	0.94037	0.999995	509	0	-0.012028	0.12534	0.24764	0.999995	125	2	-0.012028
NFATC2	8	0.78329	0.7815	0.999995	392	1	0.028396	0.12619	0.24914	0.999995	126	3	0.028396
IRF3	8	0.68148	0.69931	0.999995	335	1	0.012767	0.1265	0.24959	0.999995	127	2	0.012767
AP3B1	8	0.34409	0.48125	0.999995	199	1	0.047465	0.12697	0.25034	0.999995	128	3	0.047465
HLA-A	8	0.87498	0.87507	0.999995	446	0	-0.014642	0.12698	0.25035	0.999995	129	1	-0.014642
NOD2	8	0.55967	0.62971	0.999995	288	1	0.04597	0.13092	0.25647	0.999995	130	3	0.04597
ITGAL	8	0.91921	0.91874	0.999995	488	0	0.040866	0.13171	0.25762	0.999995	131	3	0.040866
MEF2A	8	0.97112	0.9718	0.999995	544	0	0.037268	0.13349	0.26087	0.999995	132	2	0.037268
DBF4	8	0.4775	0.5904	0.999995	261	1	0.019607	0.13456	0.26253	0.999995	133	2	0.019607
IL12B	8	0.34071	0.47805	0.999995	198	2	0.012161	0.13584	0.26422	0.999995	134	2	0.012161
DMD	8	0.4201	0.55625	0.999995	244	2	-0.017089	0.13643	0.26475	0.999995	135	2	-0.017089
NAMPT	8	0.7372	0.74055	0.999995	363	1	-0.033949	0.13758	0.26583	0.999995	136	1	-0.033949
AQP11	8	0.32031	0.45782	0.999995	188	2	-0.016552	0.1394	0.26773	0.999995	137	2	-0.016552
CD47	8	0.85125	0.84975	0.999995	431	0	-0.0099708	0.14059	0.26884	0.999995	138	1	-0.0099708
UNG	8	0.97824	0.97848	0.999995	549	0	0.044907	0.14238	0.27073	0.999995	139	2	0.044907
JAZF1	8	0.32983	0.46711	0.999995	193	2	0.0027322	0.14509	0.27335	0.999995	140	1	0.0027322
TIFAB	8	0.62306	0.66263	0.999995	313	1	-0.0061817	0.1496	0.27785	0.999995	141	2	-0.0061817
MIB2	8	0.21567	0.35652	0.999995	138	2	-0.053488	0.1555	0.28322	0.999995	142	1	-0.053488
CEP290	8	0.83674	0.83542	0.999995	421	0	0.017521	0.15629	0.28411	0.999995	143	2	0.017521
GOSR2	8	0.75826	0.75867	0.999995	375	1	0.00054867	0.15698	0.28483	0.999995	144	1	0.00054867
DLG2	8	0.68462	0.70143	0.999995	339	1	0.011963	0.16492	0.29303	0.999995	145	2	0.011963
NFIC	8	0.432	0.56792	0.999995	251	2	0.023469	0.16726	0.29538	0.999995	146	1	0.023469
STAT3	8	0.84864	0.84714	0.999995	427	0	0.010232	0.17164	0.29972	0.999995	147	1	0.010232
EGR2	8	0.76171	0.76165	0.999995	376	1	-0.0016239	0.17492	0.30269	0.999995	148	2	-0.0016239
TRAF3	8	0.00015719	0.00091555	0.019803	27	5	-0.086792	0.17744	0.30518	0.999995	149	1	-0.086792
HLA-B	8	0.21844	0.35925	0.999995	140	1	0.013317	0.17807	0.30576	0.999995	150	2	0.013317
TSPAN4	8	0.9209	0.92044	0.999995	491	0	0.038629	0.17997	0.30751	0.999995	151	2	0.038629
NCAPD2	8	0.96274	0.96327	0.999995	533	0	0.0044242	0.1832	0.31077	0.999995	152	1	0.0044242
DMAP1	8	0.47847	0.59087	0.999995	262	1	0.026818	0.18441	0.31201	0.999995	153	2	0.026818
TMEM258	8	0.1294	0.25496	0.999995	103	3	0.011098	0.1876	0.31515	0.999995	154	2	0.011098
ICAM1	8	0.83744	0.83605	0.999995	422	0	0.047162	0.19321	0.32086	0.999995	155	2	0.047162
SMAD7	8	0.74818	0.74969	0.999995	370	1	-0.039055	0.19746	0.32556	0.999995	156	1	-0.039055
HLA-DOB	8	0.45372	0.57959	0.999995	257	1	0.032673	0.19787	0.32597	0.999995	157	2	0.032673
ADCY4	8	0.76268	0.76258	0.999995	377	1	0.025916	0.2017	0.32955	0.999995	158	1	0.025916
ECSIT	8	0.54953	0.62426	0.999995	283	1	0.029162	0.20451	0.33276	0.999995	159	2	0.029162
CARD10	8	0.28111	0.41865	0.999995	168	1	-0.004706	0.20591	0.33415	0.999995	160	2	-0.004706
B4GALT1	8	0.79039	0.78823	0.999995	396	1	-0.0057398	0.2076	0.33593	0.999995	161	2	-0.0057398
TMEM56-RWDD3	8	0.95881	0.95937	0.999995	528	0	0.024198	0.20871	0.33693	0.999995	162	1	0.024198
G6PD	8	0.66207	0.68704	0.999995	325	1	-0.0065254	0.20955	0.33793	0.999995	163	2	-0.0065254
TGIF1	8	0.35702	0.49382	0.999995	204	1	0.0089918	0.21011	0.33859	0.999995	164	1	0.0089918
ZNRD1	8	0.68525	0.70176	0.999995	340	1	0.013376	0.21086	0.33928	0.999995	165	2	0.013376
MAPK8	8	0.59673	0.64823	0.999995	304	1	0.01957	0.2115	0.33986	0.999995	166	1	0.01957
SMARCC2	8	0.38604	0.52212	0.999995	221	2	-0.014447	0.21413	0.34265	0.999995	167	2	-0.014447
IL2RA	8	0.43397	0.5701	0.999995	253	2	0.012632	0.21567	0.34403	0.999995	168	2	0.012632
USP21	8	0.6303	0.66707	0.999995	317	1	0.028089	0.22069	0.34931	0.999995	169	2	0.028089
HSPD1	8	0.91806	0.91746	0.999995	487	0	0.044056	0.22944	0.3586	0.999995	170	1	0.044056
S100A9	8	0.42688	0.56304	0.999995	246	1	0.029255	0.22994	0.35915	0.999995	171	2	0.029255
GPX4	8	0.81678	0.81542	0.999995	412	0	0.013492	0.23193	0.36119	0.999995	172	2	0.013492
MRPL51	8	0.94351	0.94329	0.999995	512	0	-0.0043705	0.23216	0.36143	0.999995	173	1	-0.0043705
RBX1	8	0.033864	0.095717	0.921397	59	4	-0.036095	0.23392	0.36298	0.999995	174	2	-0.036095
NOTCH4	8	0.30765	0.44564	0.999995	183	1	0.016217	0.23458	0.36364	0.999995	175	2	0.016217
PSCA	8	0.6634	0.68786	0.999995	327	1	0.016897	0.23525	0.36436	0.999995	176	2	0.016897
HAX1	8	0.095337	0.20166	0.999995	82	3	-0.0093175	0.23791	0.36695	0.999995	177	2	-0.0093175
ASCC1	8	0.97034	0.97105	0.999995	543	0	0.037504	0.24257	0.37158	0.999995	178	2	0.037504
GNRH1	8	0.076138	0.17057	0.999995	77	3	-0.02069	0.24433	0.37316	0.999995	179	2	-0.02069
APOM	8	0.09862	0.20681	0.999995	85	2	-0.031796	0.24457	0.3734	0.999995	180	2	-0.031796
SDE2	8	0.89195	0.89155	0.999995	460	0	-0.0088222	0.24567	0.3746	0.999995	181	1	-0.0088222
BCL9L	8	0.3894	0.52542	0.999995	223	2	-0.034238	0.24591	0.37474	0.999995	182	2	-0.034238
HIST1H3G	8	0.40437	0.54005	0.999995	232	1	-0.0090754	0.24701	0.37582	0.999995	183	1	-0.0090754
TLR1	8	0.034151	0.096242	0.921397	61	4	-0.017897	0.25126	0.3802	0.999995	184	2	-0.017897
PPAN-P2RY11	8	0.8048	0.80305	0.999995	406	0	-0.011596	0.25235	0.38109	0.999995	185	1	-0.011596
SLC2A8	8	0.97975	0.97979	0.999995	550	0	0.013251	0.25328	0.38194	0.999995	186	2	0.013251
LRP1B	8	0.78149	0.77988	0.999995	390	1	-0.026555	0.25462	0.38328	0.999995	187	2	-0.026555
UQCRH	8	0.0033914	0.014505	0.22032	38	2	-0.0032688	0.255	0.38368	0.999995	188	1	-0.0032688
ACP5	8	0.95265	0.95296	0.999995	521	0	0.03359	0.25865	0.38771	0.999995	189	2	0.03359
NFYC	8	0.15865	0.3016	0.999995	122	3	-0.050106	0.25897	0.38801	0.999995	190	1	-0.050106
MDC	8	0.94755	0.94765	0.999995	515	0	0.024606	0.25932	0.3884	0.999995	191	2	0.024606
PRF1	8	0.36858	0.50475	0.999995	211	1	0.0053114	0.26029	0.38948	0.999995	192	2	0.0053114
HLA-C	8	0.87692	0.87678	0.999995	448	0	0.021751	0.26067	0.38998	0.999995	193	2	0.021751
UQCR10	8	0.94111	0.94064	0.999995	510	0	0.028986	0.27076	0.40033	0.999995	194	1	0.028986
PIGT	8	0.93304	0.93249	0.999995	502	0	-0.0012731	0.27145	0.40091	0.999995	195	2	-0.0012731
CCNG1	8	0.74612	0.74792	0.999995	368	1	0.0023727	0.27206	0.4016	0.999995	196	2	0.0023727
HMGB1	8	0.55884	0.6292	0.999995	287	1	0.0093693	0.27336	0.40295	0.999995	197	1	0.0093693
CBFB	8	0.91958	0.91911	0.999995	489	0	0.0065682	0.27483	0.40429	0.999995	198	2	0.0065682
MSN	8	0.79126	0.78914	0.999995	397	1	-0.024434	0.27754	0.40699	0.999995	199	2	-0.024434
TRPS1	8	0.91005	0.90962	0.999995	480	0	-0.0054391	0.27889	0.40803	0.999995	200	2	-0.0054391
CASP10	8	0.98922	0.98908	0.999995	560	0	0.043517	0.2816	0.41098	0.999995	201	2	0.043517
TRAPPC9	8	0.18441	0.32668	0.999995	130	2	-0.00287	0.28239	0.41169	0.999995	202	2	-0.00287
GSDMD	8	0.5655	0.63259	0.999995	291	1	0.019955	0.28363	0.41323	0.999995	203	2	0.019955
KIF23	8	0.3273	0.46457	0.999995	192	1	0.0080566	0.28367	0.41329	0.999995	204	1	0.0080566
BYSL	8	0.71225	0.72143	0.999995	350	1	0.0043673	0.28634	0.41599	0.999995	205	2	0.0043673
UBE2N	8	0.096025	0.20271	0.999995	83	3	-0.022314	0.28702	0.41677	0.999995	206	2	-0.022314
GSDMB	8	0.36513	0.50125	0.999995	210	1	0.0035187	0.28905	0.41873	0.999995	207	2	0.0035187
PIK3CD	8	0.19658	0.33832	0.999995	132	2	-0.033345	0.29177	0.42151	0.999995	208	2	-0.033345
SAA1	8	0.58733	0.64326	0.999995	299	1	-0.011479	0.29259	0.42232	0.999995	209	1	-0.011479
HLA-DQB1	8	0.95849	0.95912	0.999995	527	0	0.031276	0.29312	0.42305	0.999995	210	2	0.031276
CSMD3	8	0.31623	0.45397	0.999995	186	2	-0.017252	0.29512	0.42539	0.999995	211	2	-0.017252
NSF	8	0.17599	0.31895	0.999995	128	1	0.0094416	0.29516	0.42541	0.999995	212	2	0.0094416
FOXF1	8	0.70643	0.71689	0.999995	348	1	-0.019473	0.30141	0.43233	0.999995	213	1	-0.019473
TRAF2	8	0.56134	0.63045	0.999995	289	1	0.031242	0.30641	0.43777	0.999995	214	1	0.031242
IRAK3	8	0.57207	0.63596	0.999995	294	1	0.013309	0.30807	0.43962	0.999995	215	2	0.013309
TMCO4	8	0.78995	0.78776	0.999995	395	1	0.017754	0.30875	0.4404	0.999995	216	2	0.017754
ASH2L	8	0.75627	0.75673	0.999995	373	1	0.026355	0.31419	0.44608	0.999995	217	2	0.026355
C1orf141	8	0.76989	0.76924	0.999995	383	1	0.022179	0.31508	0.44683	0.999995	218	1	0.022179
NFKBIE	8	0.11887	0.23884	0.999995	98	3	-0.029375	0.31623	0.448	0.999995	219	2	-0.029375
IL23R	8	0.77783	0.77603	0.999995	389	1	-0.00021818	0.31631	0.44807	0.999995	220	1	-0.00021818
TADA3	8	0.93008	0.92935	0.999995	497	0	0.0048541	0.31759	0.44946	0.999995	221	2	0.0048541
CBX7	8	0.96453	0.96501	0.999995	535	0	0.035815	0.31963	0.45142	0.999995	222	2	0.035815
GYPC	8	0.79429	0.79213	0.999995	399	1	0.0059913	0.32031	0.45208	0.999995	223	2	0.0059913
DGKA	8	0.099156	0.20777	0.999995	87	2	-0.01783	0.32365	0.45541	0.999995	224	1	-0.01783
RAB32	8	0.43068	0.56662	0.999995	249	2	0.014267	0.32507	0.45702	0.999995	225	2	0.014267
PPP2R1B	8	0.3961	0.53197	0.999995	226	2	-0.020763	0.32643	0.45825	0.999995	226	2	-0.020763
RNGTT	8	0.55293	0.62616	0.999995	285	1	-0.02392	0.32711	0.4591	0.999995	227	2	-0.02392
LY96	8	0.0020034	0.0087052	0.141217	36	3	-0.021975	0.3273	0.45932	0.999995	228	1	-0.021975
TLR5	8	0.85604	0.85481	0.999995	433	0	0.017652	0.32779	0.45974	0.999995	229	2	0.017652
ELK1	8	0.29652	0.43419	0.999995	174	2	0.011734	0.32972	0.46194	0.999995	230	1	0.011734
RIPK1	8	0.76462	0.76425	0.999995	379	1	0.0077864	0.33093	0.4633	0.999995	231	1	0.0077864
MAP3K14	8	0.92455	0.92425	0.999995	494	0	-0.0048511	0.33187	0.46443	0.999995	232	2	-0.0048511
JUN	8	0.95157	0.95175	0.999995	520	0	0.015428	0.33459	0.46718	0.999995	233	2	0.015428
WWC3	8	0.73291	0.73722	0.999995	360	1	0.032333	0.34207	0.47496	0.999995	234	2	0.032333
E2F7	8	0.89722	0.89681	0.999995	466	0	0.013207	0.34527	0.47817	0.999995	235	1	0.013207
PRKCQ	8	0.92164	0.92121	0.999995	492	0	0.019694	0.34614	0.47897	0.999995	236	2	0.019694
CTNS	8	0.37657	0.51284	0.999995	216	1	-0.020138	0.34646	0.47923	0.999995	237	1	-0.020138
MIDN	8	0.32099	0.45842	0.999995	189	2	-0.0056393	0.34764	0.48046	0.999995	238	1	-0.0056393
SLC39A7	8	0.23894	0.37877	0.999995	150	1	-0.0065748	0.34886	0.48177	0.999995	239	2	-0.0065748
FADD	8	0.21429	0.35544	0.999995	136	2	-0.030114	0.34954	0.48252	0.999995	240	2	-0.030114
LRRFIP2	8	0.93288	0.93231	0.999995	501	0	-0.0094788	0.35157	0.48472	0.999995	241	2	-0.0094788
RAC1	8	0.19916	0.34062	0.999995	133	2	-0.022402	0.35361	0.48668	0.999995	242	2	-0.022402
IL15RA	8	0.96508	0.96569	0.999995	537	0	0.02322	0.35496	0.48821	0.999995	243	2	0.02322
TLR9	8	0.93025	0.9296	0.999995	498	0	0.014379	0.35632	0.48968	0.999995	244	2	0.014379
TFDP1	8	0.77272	0.77181	0.999995	386	1	-0.029692	0.35819	0.49135	0.999995	245	1	-0.029692
PRKAA1	8	0.74767	0.74923	0.999995	369	1	-0.026986	0.35903	0.49212	0.999995	246	2	-0.026986
AKT1	8	0.86989	0.8696	0.999995	443	0	-0.0054129	0.35935	0.4925	0.999995	247	1	-0.0054129
ARAP2	8	0.94997	0.95007	0.999995	518	0	0.031566	0.36039	0.49339	0.999995	248	2	0.031566
STAT5B	8	0.73237	0.73682	0.999995	359	1	0.014343	0.36283	0.49599	0.999995	249	1	0.014343
ENPP6	8	0.77459	0.77337	0.999995	387	1	0.029431	0.36445	0.49758	0.999995	250	2	0.029431
KSR2	8	0.14265	0.27611	0.999995	110	3	-0.030582	0.36513	0.49825	0.999995	251	1	-0.030582
CNEP1R1	8	0.95096	0.95106	0.999995	519	0	0.030309	0.36648	0.49966	0.999995	252	2	0.030309
AHR	8	0.083692	0.18236	0.999995	79	3	-0.014759	0.36783	0.5012	0.999995	253	2	-0.014759
SLC37A4	8	0.90405	0.90325	0.999995	473	0	0.043104	0.36851	0.50193	0.999995	254	2	0.043104
TAPBP	8	0.90536	0.90456	0.999995	475	0	0.0091976	0.36918	0.50271	0.999995	255	2	0.0091976
FANCM	8	0.91414	0.91355	0.999995	484	0	0.00071531	0.36973	0.50324	0.999995	256	1	0.00071531
OAS3	8	0.11849	0.23823	0.999995	97	3	-0.015878	0.3743	0.508	0.999995	257	1	-0.015878
VAMP1	8	0.86639	0.86595	0.999995	441	0	0.0029911	0.37543	0.50917	0.999995	258	1	0.0029911
EFR3A	8	0.94154	0.94104	0.999995	511	0	0.023392	0.37661	0.51052	0.999995	259	2	0.023392
RASSF1	8	0.22533	0.36573	0.999995	144	1	-0.0048476	0.38109	0.5151	0.999995	260	1	-0.0048476
CCL2	8	0.65605	0.68328	0.999995	324	1	0.032976	0.38334	0.51741	0.999995	261	1	0.032976
SLC4A1	8	0.55208	0.62563	0.999995	284	1	-0.00019445	0.38447	0.51859	0.999995	262	1	-0.00019445
PTGER4	8	0.62742	0.66525	0.999995	315	1	0.0019883	0.38671	0.52099	0.999995	263	2	0.0019883
XKR6	8	0.32303	0.46033	0.999995	190	2	0.0049443	0.39074	0.52516	0.999995	264	2	0.0049443
NCOA5	8	0.68211	0.69963	0.999995	336	1	-0.014	0.39116	0.52559	0.999995	265	2	-0.014
MKX	8	0.97263	0.97332	0.999995	546	0	0.018124	0.39141	0.52582	0.999995	266	2	0.018124
NLRP3	8	0.99498	0.99498	0.999995	568	0	0.045914	0.39208	0.52656	0.999995	267	2	0.045914
IFI30	8	0.70584	0.71647	0.999995	347	1	0.013589	0.39449	0.52916	0.999995	268	1	0.013589
TNFSF15	8	0.27213	0.41037	0.999995	164	2	0.0088292	0.3989	0.53171	0.999995	269	1	0.0088292
PDCD10	8	0.88203	0.88194	0.999995	452	0	-0.00095479	0.40655	0.53511	0.999995	270	1	-0.00095479
VCAN	8	0.88873	0.88865	0.999995	456	0	0.035784	0.40872	0.53607	0.999995	271	1	0.035784
TLR8	8	0.96535	0.96594	0.999995	538	0	0.022966	0.4098	0.53649	0.999995	272	1	0.022966
IRAK4	8	0.28498	0.42257	0.999995	169	2	-0.018775	0.41518	0.5392	0.999995	273	1	-0.018775
SPIRE1	8	0.32609	0.46324	0.999995	191	1	-0.014746	0.41626	0.53976	0.999995	274	1	-0.014746
LPL	8	0.24299	0.3826	0.999995	153	1	0.039451	0.42477	0.54358	0.999995	275	1	0.039451
GTF2IRD1	8	0.95599	0.9566	0.999995	525	0	0.027007	0.42793	0.54483	0.999995	276	1	0.027007
MAP2K2	8	0.084013	0.18276	0.999995	80	2	-0.033094	0.44353	0.55158	0.999995	277	1	-0.033094
HIF1A	8	0.34999	0.48685	0.999995	200	1	0.0027552	0.44455	0.55216	0.999995	278	1	0.0027552
POLR2E	8	0.31877	0.45634	0.999995	187	1	-0.024003	0.4466	0.55302	0.999995	279	1	-0.024003
IQCH	8	0.068361	0.15745	0.999995	71	3	-0.0019604	0.45068	0.55486	0.999995	280	1	-0.0019604
GPSM3	8	0.00099021	0.0049836	0.083154	35	5	-0.078648	0.4527	0.55584	0.999995	281	1	-0.078648
TMEM80	8	0.99213	0.99212	0.999995	562	0	0.020467	0.45573	0.55735	0.999995	282	1	0.020467
RPS26	8	0.14141	0.27408	0.999995	109	3	0.0021881	0.46374	0.56096	0.999995	283	1	0.0021881
TMED7-TICAM2	8	0.00023189	0.0012917	0.026211	28	5	-0.096904	0.46672	0.56262	0.999995	284	1	-0.096904
NFATC1	8	0.066055	0.15328	0.999995	69	3	-0.027094	0.4677	0.56305	0.999995	285	1	-0.027094
CFTR	8	0.7174	0.7252	0.999995	352	1	0.011865	0.46869	0.56357	0.999995	286	1	0.011865
SIRT1	8	0.89862	0.89817	0.999995	468	0	0.0093963	0.47066	0.56462	0.999995	287	1	0.0093963
ZBTB7C	8	0.91232	0.91173	0.999995	481	0	0.010637	0.47653	0.56781	0.999995	288	1	0.010637
LACC1	8	0.39074	0.52671	0.999995	224	2	0.0028219	0.48234	0.5708	0.999995	289	1	0.0028219
FLOT1	8	0.59362	0.64646	0.999995	302	1	0.0021476	0.48523	0.57213	0.999995	290	1	0.0021476
TRAM1	8	0.25462	0.3932	0.999995	157	2	-0.0013719	0.48905	0.57377	0.999995	291	1	-0.0013719
CIITA	8	0.73128	0.736	0.999995	357	1	0.02491	0.49001	0.57419	0.999995	292	1	0.02491
IRF4	8	0.26403	0.40252	0.999995	161	2	-0.01348	0.51057	0.58492	0.999995	293	1	-0.01348
CCDC22	8	0.074306	0.16738	0.999995	76	3	0.0084736	0.51332	0.58621	0.999995	294	1	0.0084736
MYC	8	0.98752	0.98731	0.999995	557	0	0.026896	0.51514	0.58724	0.999995	295	1	0.026896
GPR18	8	0.60441	0.6524	0.999995	307	1	-0.0046133	0.51877	0.58894	0.999995	296	1	-0.0046133
ALG2	8	0.56961	0.6348	0.999995	293	1	-0.048542	0.52058	0.58985	0.999995	297	1	-0.048542
TYK2	8	0.83031	0.82889	0.999995	417	0	-0.014531	0.52238	0.59077	0.999995	298	1	-0.014531
TNFSF11	8	0.96544	0.96604	0.999995	539	0	0.01696	0.52863	0.59431	0.999995	299	1	0.01696
COMMD8	8	0.58575	0.64254	0.999995	297	1	0.0030827	0.53744	0.59933	0.999995	300	1	0.0030827
C3	8	0.88491	0.88484	0.999995	453	0	0.002392	0.54266	0.60195	0.999995	301	1	0.002392
RCL1	8	0.58891	0.64412	0.999995	300	1	0.019339	0.54438	0.60305	0.999995	302	1	0.019339
CD151	8	0.98788	0.98766	0.999995	559	0	0.027038	0.54782	0.6052	0.999995	303	1	0.027038
RELA	8	6.1113e-06	1.4847e-05	0.000456	18	6	-0.1713	0.54868	0.60563	0.999995	304	1	-0.1713
FAM50A	8	0.9686	0.96935	0.999995	541	0	0.01419	0.54953	0.60618	0.999995	305	1	0.01419
NAAA	8	0.21478	0.35585	0.999995	137	2	-0.015976	0.55123	0.6071	0.999995	306	1	-0.015976
DNTTIP1	8	0.58257	0.64086	0.999995	296	1	-0.011102	0.55547	0.60962	0.999995	307	1	-0.011102
HSPA1B	8	0.39811	0.53395	0.999995	228	2	-0.041782	0.55631	0.6102	0.999995	308	1	-0.041782
TLR6	8	0.42738	0.56347	0.999995	247	2	0.019022	0.55884	0.61167	0.999995	309	1	0.019022
ZNF79	8	0.69204	0.70611	0.999995	341	1	-0.022479	0.55967	0.61222	0.999995	310	1	-0.022479
HAT1	8	0.11905	0.23911	0.999995	99	2	0.0093406	0.56467	0.61497	0.999995	311	1	0.0093406
RWDD3	8	0.90069	0.90009	0.999995	470	0	-0.022796	0.56797	0.61691	0.999995	312	1	-0.022796
SLC12A5	8	0.21983	0.36061	0.999995	141	1	-0.019078	0.56961	0.61791	0.999995	313	1	-0.019078
KSR1	8	0.95486	0.95528	0.999995	524	0	0.0075752	0.57288	0.61953	0.999995	314	1	0.0075752
ZCCHC24	8	0.30399	0.44174	0.999995	181	2	-0.00026087	0.57613	0.62128	0.999995	315	1	-0.00026087
PSMB9	8	0.56797	0.63391	0.999995	292	1	-0.036419	0.57694	0.62172	0.999995	316	1	-0.036419
TMPRSS11F	8	0.89023	0.89008	0.999995	459	0	0.0012706	0.57936	0.62316	0.999995	317	1	0.0012706
CSF2RB	8	0.15437	0.29464	0.999995	120	3	-0.0085672	0.58016	0.62358	0.999995	318	1	-0.0085672
ACTL6A	8	0.38671	0.52283	0.999995	222	1	0.0052172	0.58177	0.62439	0.999995	319	1	0.0052172
CD38	8	0.022712	0.067983	0.827132	48	3	0.0065429	0.58257	0.6248	0.999995	320	1	0.0065429
IL18R1	8	0.89269	0.89225	0.999995	462	0	0.022702	0.58496	0.62612	0.999995	321	1	0.022702
HIST1H3A	8	0.81639	0.81501	0.999995	411	0	-0.028345	0.58575	0.62665	0.999995	322	1	-0.028345
ARPC4	8	0.93108	0.93042	0.999995	500	0	0.02428	0.58733	0.62744	0.999995	323	1	0.02428
EHMT2	8	0.09706	0.20432	0.999995	84	3	-0.016545	0.58812	0.62788	0.999995	324	1	-0.016545
PDGFB	8	0.86372	0.86282	0.999995	440	0	0.01709	0.59284	0.63074	0.999995	325	1	0.01709
IDO1	8	0.94934	0.94952	0.999995	517	0	0.029001	0.59362	0.63111	0.999995	326	1	0.029001
HDAC3	8	0.027319	0.079534	0.881451	51	4	-0.05574	0.59673	0.63305	0.999995	327	1	-0.05574
SLC35C1	8	0.40546	0.54103	0.999995	233	1	-0.024957	0.60135	0.63598	0.999995	328	1	-0.024957
KCNU1	8	0.29764	0.43527	0.999995	176	1	0.0035011	0.60365	0.6374	0.999995	329	1	0.0035011
RFXAP	8	0.87882	0.87875	0.999995	450	0	-0.031229	0.60745	0.63926	0.999995	330	1	-0.031229
MBL2	8	0.40146	0.53719	0.999995	231	2	0.030788	0.60896	0.64008	0.999995	331	1	0.030788
MICA	8	0.49001	0.5957	0.999995	265	1	-0.0012414	0.60971	0.64051	0.999995	332	1	-0.0012414
CRIPAK	8	0.16434	0.30839	0.999995	125	1	-0.018777	0.61866	0.64645	0.999995	333	1	-0.018777
HLA-DMA	8	0.64303	0.67497	0.999995	321	1	0.015817	0.62233	0.64866	0.999995	334	1	0.015817
TAP2	8	0.26875	0.40703	0.999995	163	2	-0.030135	0.6303	0.654	0.999995	335	1	-0.030135
ABCF1	8	0.87358	0.87352	0.999995	445	0	0.024652	0.6353	0.65754	0.999995	336	1	0.024652
PIK3CA	8	0.111	0.226	0.999995	92	3	-0.018711	0.63742	0.65901	0.999995	337	1	-0.018711
LRRC32	8	0.98395	0.98393	0.999995	553	0	0.015951	0.64024	0.66093	0.999995	338	1	0.015951
SEPHS2	8	0.47556	0.5894	0.999995	260	1	-0.01264	0.64164	0.66174	0.999995	339	1	-0.01264
C5	8	0.72135	0.72791	0.999995	354	1	0.0046154	0.6465	0.66506	0.999995	340	1	0.0046154
MAPK3	8	0.93463	0.93389	0.999995	503	0	0.015196	0.64857	0.66649	0.999995	341	1	0.015196
FCGR2A	8	0.28702	0.42459	0.999995	170	2	-0.010393	0.64994	0.66754	0.999995	342	1	-0.010393
GPR183	8	0.30195	0.43958	0.999995	180	2	-0.053911	0.65538	0.67155	0.999995	343	1	-0.053911
MSRA	8	0.59982	0.65002	0.999995	306	1	-0.0084083	0.65673	0.67248	0.999995	344	1	-0.0084083
STK4	8	0.028967	0.083553	0.881451	55	4	-0.046505	0.65807	0.67342	0.999995	345	1	-0.046505
HLA-E	8	0.61046	0.65528	0.999995	310	1	-0.023471	0.66207	0.67634	0.999995	346	1	-0.023471
AP1AR	8	0.056182	0.13696	0.999995	67	3	-0.0025148	0.66604	0.67908	0.999995	347	1	-0.0025148
BRD2	8	0.23259	0.37303	0.999995	149	2	-0.011107	0.668	0.6805	0.999995	348	1	-0.011107
STK11	8	0.76655	0.76609	0.999995	381	1	0.0029691	0.66866	0.68099	0.999995	349	1	0.0029691
G6PC3	8	0.76607	0.76561	0.999995	380	1	-0.030467	0.67061	0.68246	0.999995	350	1	-0.030467
RCAN1	8	0.82664	0.82533	0.999995	416	0	-0.0087996	0.6719	0.68328	0.999995	351	1	-0.0087996
SPRED2	8	0.41346	0.54937	0.999995	239	2	0.0051776	0.67959	0.68865	0.999995	352	1	0.0051776
ZMAT5	8	0.52327	0.61101	0.999995	274	1	-0.026136	0.68587	0.69332	0.999995	353	1	-0.026136
TYRO3	8	0.68337	0.70058	0.999995	338	1	0.024906	0.68835	0.69515	0.999995	354	1	0.024906
CD40	8	0.36283	0.49914	0.999995	208	1	0.0032729	0.69082	0.69687	0.999995	355	1	0.0032729
TAB3	8	0.028658	0.082791	0.881451	54	3	-0.028464	0.69143	0.69729	0.999995	356	1	-0.028464
NOD1	8	0.07215	0.1639	0.999995	74	3	-0.036797	0.69204	0.6977	0.999995	357	1	-0.036797
CFH	8	0.96176	0.96229	0.999995	531	0	0.0035022	0.69326	0.69872	0.999995	358	1	0.0035022
WDR34	8	0.24164	0.38127	0.999995	152	1	0.016218	0.69509	0.70016	0.999995	359	1	0.016218
APLP1	8	0.41626	0.55222	0.999995	240	1	0.024724	0.70407	0.70778	0.999995	360	1	0.024724
LZTS1	8	0.43941	0.57379	0.999995	254	1	0.0054497	0.70466	0.70822	0.999995	361	1	0.0054497
CXCL10	8	0.034007	0.095945	0.921397	60	4	-0.043774	0.71051	0.71311	0.999995	362	1	-0.043774
CLCN4	8	0.22399	0.36454	0.999995	142	2	0.015083	0.71683	0.71852	0.999995	363	1	0.015083
DOCK8	8	0.023838	0.070745	0.843164	49	3	-0.013509	0.7174	0.71901	0.999995	364	1	-0.013509
S100A8	8	0.95796	0.95853	0.999995	526	0	0.010297	0.72022	0.72115	0.999995	365	1	0.010297
RAB18	8	0.96471	0.9652	0.999995	536	0	-0.0081405	0.72247	0.72304	0.999995	366	1	-0.0081405
DHX15	8	0.036052	0.10072	0.948676	62	4	-0.047143	0.72302	0.72361	0.999995	367	1	-0.047143
HLA-DOA	8	0.50596	0.60332	0.999995	269	1	0.0064769	0.72414	0.72466	0.999995	368	1	0.0064769
PIK3R1	8	0.083506	0.18207	0.999995	78	3	-0.0076445	0.72469	0.72504	0.999995	369	1	-0.0076445
MALT1	8	0.89366	0.89325	0.999995	464	0	0.020145	0.7258	0.72603	0.999995	370	1	0.020145
YEATS4	8	0.74404	0.74603	0.999995	367	1	-0.007513	0.72855	0.72851	0.999995	371	1	-0.007513
CLEC16A	8	0.5975	0.64869	0.999995	305	1	0.0023557	0.7291	0.72916	0.999995	372	1	0.0023557
SBDS	8	0.53393	0.61654	0.999995	277	1	-0.0042659	0.73128	0.73097	0.999995	373	1	-0.0042659
GAS6	8	0.29005	0.42736	0.999995	171	1	-0.032522	0.73398	0.73331	0.999995	374	1	-0.032522
TRAF6	8	0.051811	0.12979	0.999995	65	3	-0.051265	0.7356	0.73472	0.999995	375	1	-0.051265
STAT1	8	0.75427	0.7551	0.999995	372	1	0.0055379	0.73666	0.73559	0.999995	376	1	0.0055379
PABPC1	8	0.20695	0.34834	0.999995	134	2	0.0091699	0.73879	0.7375	0.999995	377	1	0.0091699
PSMB8	8	0.58654	0.64291	0.999995	298	1	-0.0038507	0.73932	0.73796	0.999995	378	1	-0.0038507
SEC61A1	8	0.35234	0.48935	0.999995	202	1	0.013147	0.73985	0.73837	0.999995	379	1	0.013147
UBE2F	8	0.39449	0.53049	0.999995	225	1	0.016562	0.74195	0.74026	0.999995	380	1	0.016562
GOT1	8	0.41946	0.55568	0.999995	243	1	0.031924	0.74248	0.74064	0.999995	381	1	0.031924
SLC26A4	8	0.84699	0.8455	0.999995	426	0	-0.010928	0.74508	0.74323	0.999995	382	1	-0.010928
SBNO2	8	0.0003124	0.0016579	0.031233	31	6	-0.10127	0.7456	0.7436	0.999995	383	1	-0.10127
UBE2L3	8	0.11397	0.23072	0.999995	95	3	-0.013288	0.7492	0.74708	0.999995	384	1	-0.013288
SPP1	8	0.97557	0.97609	0.999995	547	0	-0.0048162	0.75073	0.74865	0.999995	385	1	-0.0048162
ATG16L1	8	0.73345	0.73759	0.999995	361	1	0.024959	0.75175	0.74974	0.999995	386	1	0.024959
SOCS3	8	0.77037	0.76973	0.999995	384	1	-0.033333	0.75276	0.75052	0.999995	387	1	-0.033333
TAB1	8	0.63245	0.66851	0.999995	319	1	0.025027	0.75327	0.75093	0.999995	388	1	0.025027
CASP1	8	0.89244	0.89193	0.999995	461	0	0.027389	0.75527	0.75283	0.999995	389	1	0.027389
LGALS9	8	0.15268	0.29212	0.999995	119	3	-0.013717	0.75578	0.75328	0.999995	390	1	-0.013717
NSMCE2	8	0.51696	0.60821	0.999995	272	1	-0.027196	0.75876	0.75646	0.999995	391	1	-0.027196
NFKB2	8	2.0986e-05	8.4132e-05	0.002233	22	6	-0.13988	0.75974	0.75748	0.999995	392	1	-0.13988
BACH2	8	0.37883	0.51507	0.999995	218	1	0.016825	0.76073	0.75834	0.999995	393	1	0.016825
PPP2R1A	8	0.13451	0.26304	0.999995	106	3	-0.0049966	0.76655	0.76428	0.999995	394	1	-0.0049966
HSP90B1	8	0.796	0.79389	0.999995	400	0	-0.0034941	0.76703	0.76471	0.999995	395	1	-0.0034941
HLA-DRA	8	0.18123	0.32362	0.999995	129	2	-0.019249	0.76799	0.76568	0.999995	396	0	-0.019249
A4GALT	8	0.87554	0.87558	0.999995	447	0	-0.0065883	0.76847	0.76616	0.999995	397	0	-0.0065883
EIF5	8	0.14763	0.28427	0.999995	115	3	0.0044792	0.76942	0.76708	0.999995	398	0	0.0044792
RPN2	8	0.41745	0.55354	0.999995	242	2	-0.039449	0.76989	0.7677	0.999995	399	0	-0.039449
JAK2	8	0.38133	0.51754	0.999995	219	2	-0.0092035	0.77131	0.76933	0.999995	400	0	-0.0092035
NEUROD4	8	0.028581	0.082622	0.881451	53	4	-0.046671	0.77366	0.77148	0.999995	401	0	-0.046671
MAPK1	8	0.15141	0.29018	0.999995	116	3	-0.0067477	0.77552	0.77309	0.999995	402	0	-0.0067477
BRAF	8	0.92256	0.92226	0.999995	493	0	0.027583	0.77599	0.77356	0.999995	403	0	0.027583
CTPS1	8	0.86281	0.86192	0.999995	439	0	-0.0027938	0.77967	0.77742	0.999995	404	0	-0.0027938
ARPC4-TTLL3	8	0.36174	0.49803	0.999995	206	2	-0.030061	0.78103	0.77891	0.999995	405	0	-0.030061
NUMA1	8	0.26471	0.40319	0.999995	162	2	-0.010675	0.78194	0.77984	0.999995	406	0	-0.010675
MED30	8	0.63601	0.67063	0.999995	320	1	-0.0046597	0.78598	0.78349	0.999995	407	0	-0.0046597
MAX	8	0.11397	0.23072	0.999995	94	2	0.014533	0.78642	0.78393	0.999995	408	0	0.014533
IL17RA	8	0.30141	0.43916	0.999995	179	1	-0.0077738	0.78951	0.78726	0.999995	409	0	-0.0077738
EGFR	8	0.64373	0.67547	0.999995	322	1	7.3186e-05	0.79039	0.78818	0.999995	410	0	7.3186e-05
CCR6	8	0.3967	0.53257	0.999995	227	1	-0.0076693	0.79083	0.78864	0.999995	411	0	-0.0076693
PCDH7	8	0.92053	0.92002	0.999995	490	0	0.017156	0.79126	0.78909	0.999995	412	0	0.017156
RIC8B	8	0.84897	0.84748	0.999995	428	0	0.017834	0.79213	0.78996	0.999995	413	0	0.017834
MICB	8	0.23216	0.37271	0.999995	148	2	-0.013009	0.79256	0.79037	0.999995	414	0	-0.013009
TAP1	8	0.13607	0.26555	0.999995	108	2	-0.0303	0.793	0.79081	0.999995	415	0	-0.0303
CCDC88B	8	0.72247	0.72875	0.999995	355	1	0.010572	0.79343	0.79122	0.999995	416	0	0.010572
NR3C1	8	0.48523	0.59381	0.999995	263	1	-0.015284	0.79515	0.79303	0.999995	417	0	-0.015284
ATAD2B	8	0.55716	0.62831	0.999995	286	1	0.016599	0.79686	0.79474	0.999995	418	0	0.016599
GPAA1	8	0.84995	0.84849	0.999995	429	0	0.0052557	0.80149	0.7995	0.999995	419	0	0.0052557
BTK	8	0.95288	0.9532	0.999995	522	0	0.014436	0.80273	0.80074	0.999995	420	0	0.014436
KIAA1683	8	0.0060826	0.024364	0.33877	42	4	-0.047223	0.80521	0.80349	0.999995	421	0	-0.047223
PPP1R10	8	0.88998	0.88984	0.999995	458	0	-0.019252	0.80603	0.80426	0.999995	422	0	-0.019252
CR1	8	0.8416	0.84026	0.999995	423	0	0.0074069	0.80643	0.80455	0.999995	423	0	0.0074069
MAP2K4	8	0.89839	0.89798	0.999995	467	0	-0.0015923	0.80927	0.80766	0.999995	424	0	-0.0015923
CEBPG	8	0.93742	0.93692	0.999995	506	0	-0.0021416	0.81247	0.81089	0.999995	425	0	-0.0021416
NCF4	8	0.47458	0.58881	0.999995	259	1	-0.011189	0.81286	0.81127	0.999995	426	0	-0.011189
AXL	8	0.73826	0.7415	0.999995	364	1	0.017195	0.82025	0.81922	0.999995	427	0	0.017195
GSDMC	8	0.92649	0.9259	0.999995	495	0	0.02263	0.82516	0.82392	0.999995	428	0	0.02263
EGR1	8	0.99477	0.9948	0.999995	567	0	0.025039	0.82553	0.82426	0.999995	429	0	0.025039
IL6ST	8	0.79728	0.79515	0.999995	402	0	-0.0091835	0.82738	0.82613	0.999995	430	0	-0.0091835
SAMD9	8	0.73879	0.7419	0.999995	365	1	-0.012279	0.82885	0.82756	0.999995	431	0	-0.012279
PIP4K2A	8	0.90492	0.90406	0.999995	474	0	0.0033392	0.82958	0.82819	0.999995	432	0	0.0033392
MUC22	8	0.53831	0.61857	0.999995	278	1	-0.011326	0.82995	0.82859	0.999995	433	0	-0.011326
CEBPA	8	0.85092	0.84936	0.999995	430	0	-0.0099347	0.8314	0.83016	0.999995	434	0	-0.0099347
PRKRA	8	0.62887	0.6661	0.999995	316	1	0.01227	0.83284	0.83164	0.999995	435	0	0.01227
PRKCH	8	0.24029	0.38007	0.999995	151	1	-0.005751	0.83391	0.83274	0.999995	436	0	-0.005751
ERBB2	8	0.40079	0.53655	0.999995	230	2	-0.0064792	0.83462	0.83347	0.999995	437	0	-0.0064792
TBX1	8	0.73666	0.74018	0.999995	362	1	0.015163	0.83498	0.83378	0.999995	438	0	0.015163
NIPAL2	8	0.30467	0.44236	0.999995	182	2	-0.01997	0.83533	0.8341	0.999995	439	0	-0.01997
TRADD	8	0.76751	0.76702	0.999995	382	1	0.00091927	0.83604	0.83475	0.999995	440	0	0.00091927
KIDINS220	8	0.99906	0.99905	0.999995	574	0	0.027201	0.84228	0.84095	0.999995	441	0	0.027201
C1orf106	8	0.35293	0.48983	0.999995	203	2	0.007553	0.84397	0.84249	0.999995	442	0	0.007553
AAGAB	8	0.33323	0.47082	0.999995	194	2	-0.036827	0.84465	0.84317	0.999995	443	0	-0.036827
CARD6	8	0.77225	0.77145	0.999995	385	1	-0.0069582	0.84599	0.84453	0.999995	444	0	-0.0069582
ZNF384	8	0.53918	0.61901	0.999995	279	1	0.0095452	0.84632	0.84488	0.999995	445	0	0.0095452
RFX5	8	0.96293	0.9634	0.999995	534	0	-0.0098425	0.84765	0.84615	0.999995	446	0	-0.0098425
ZCCHC11	8	0.98777	0.98751	0.999995	558	0	0.0054283	0.84897	0.84748	0.999995	447	0	0.0054283
BBS9	8	0.41304	0.54886	0.999995	238	1	0.0069959	0.85477	0.85357	0.999995	448	0	0.0069959
CTBP1	8	0.89317	0.89269	0.999995	463	0	-0.003971	0.85509	0.85386	0.999995	449	0	-0.003971
PTPN2	8	0.90837	0.90795	0.999995	477	0	0.0153	0.85572	0.85453	0.999995	450	0	0.0153
TOLLIP	8	0.17555	0.31862	0.999995	127	2	-0.025699	0.85853	0.85748	0.999995	451	0	-0.025699
NR1H3	8	0.31508	0.45283	0.999995	185	1	-0.015356	0.85884	0.85771	0.999995	452	0	-0.015356
MAPK7	8	0.86038	0.85951	0.999995	437	0	0.012436	0.86038	0.85951	0.999995	453	0	0.012436
TGFB1	8	0.30059	0.43819	0.999995	178	2	-0.035577	0.8613	0.86036	0.999995	454	0	-0.035577
CARD9	8	0.7134	0.72222	0.999995	351	1	0.016056	0.86521	0.86452	0.999995	455	0	0.016056
HLA-F	8	0.90942	0.90902	0.999995	479	0	-0.0033354	0.86757	0.86714	0.999995	456	0	-0.0033354
RAB5C	8	0.71853	0.72588	0.999995	353	1	-0.0089211	0.86989	0.8696	0.999995	457	0	-0.0089211
TMEM70	8	0.77599	0.77446	0.999995	388	1	-0.029453	0.87161	0.87144	0.999995	458	0	-0.029453
KAT2A	8	0.94379	0.94352	0.999995	513	0	-0.0066424	0.87189	0.87175	0.999995	459	0	-0.0066424
BCL10	8	0.83212	0.83082	0.999995	418	0	-0.016618	0.87415	0.87421	0.999995	460	0	-0.016618
ZMIZ1	8	0.11027	0.22483	0.999995	91	3	-0.029774	0.87774	0.87779	0.999995	461	0	-0.029774
COMMD7	8	0.29132	0.42851	0.999995	172	2	-0.0030958	0.87828	0.87831	0.999995	462	0	-0.0030958
GNAS	8	0.85635	0.85514	0.999995	434	0	0.016288	0.8807	0.88055	0.999995	463	0	0.016288
MEF2C	8	0.79813	0.79606	0.999995	404	0	0.015451	0.88177	0.88165	0.999995	464	0	0.015451
IL1B	8	0.40872	0.54451	0.999995	235	2	-0.0013162	0.8823	0.88221	0.999995	465	0	-0.0013162
DDAH2	8	0.15183	0.29081	0.999995	117	3	0.0096731	0.88256	0.88248	0.999995	466	0	0.0096731
TIRAP	8	0.8332	0.83203	0.999995	419	0	-0.0031772	0.88282	0.8827	0.999995	467	0	-0.0031772
PDPK1	8	0.69326	0.707	0.999995	342	1	0.014479	0.88361	0.88351	0.999995	468	0	0.014479
HLA-G	8	0.93772	0.93722	0.999995	507	0	-0.004089	0.88387	0.88372	0.999995	469	0	-0.004089
C1GALT1C1L	8	0.62597	0.66442	0.999995	314	1	0.012629	0.88517	0.88508	0.999995	470	0	0.012629
NPL	8	0.72745	0.73278	0.999995	356	1	0.00031376	0.88594	0.8858	0.999995	471	0	0.00031376
WDR61	8	0.64925	0.67884	0.999995	323	1	0.0077641	0.89122	0.8908	0.999995	472	0	0.0077641
CTSB	8	0.40012	0.53568	0.999995	229	2	-0.026119	0.8951	0.89465	0.999995	473	0	-0.026119
PPIF	8	0.73182	0.73634	0.999995	358	1	-0.012479	0.89628	0.89566	0.999995	474	0	-0.012479
HLA-DRB1	8	0.24701	0.38621	0.999995	155	1	-0.012497	0.89652	0.89596	0.999995	475	0	-0.012497
SLC35A1	8	0.11735	0.23629	0.999995	96	3	-0.019351	0.89699	0.89657	0.999995	476	0	-0.019351
ATF1	8	0.80562	0.80388	0.999995	407	0	0.0085836	0.90271	0.90214	0.999995	477	0	0.0085836
JAGN1	8	0.33574	0.47303	0.999995	196	1	0.017216	0.90558	0.90475	0.999995	478	0	0.017216
CASP4	8	0.70818	0.71811	0.999995	349	1	-0.015502	0.9058	0.90499	0.999995	479	0	-0.015502
CD14	8	0.0053762	0.021741	0.309672	41	3	-0.049839	0.90601	0.90521	0.999995	480	0	-0.049839
MAP3K1	8	0.36242	0.49874	0.999995	207	2	0.012633	0.90645	0.90567	0.999995	481	0	0.012633
YY1	8	0.23126	0.37185	0.999995	147	2	-0.039944	0.90921	0.90881	0.999995	482	0	-0.039944
CRK	8	0.68274	0.70006	0.999995	337	1	-0.01972	0.91313	0.91267	0.999995	483	0	-0.01972
STAT2	8	0.11322	0.22954	0.999995	93	3	-0.046285	0.91333	0.91286	0.999995	484	0	-0.046285
VSIG4	8	0.87302	0.87285	0.999995	444	0	-0.012456	0.91434	0.91375	0.999995	485	0	-0.012456
TBCE	8	0.43134	0.56729	0.999995	250	2	0.0083539	0.91454	0.91396	0.999995	486	0	0.0083539
MYD88	8	0.6963	0.7092	0.999995	343	1	-0.021379	0.91533	0.91482	0.999995	487	0	-0.021379
L3MBTL3	8	0.82291	0.82173	0.999995	414	0	-0.00043688	0.91651	0.91598	0.999995	488	0	-0.00043688
VHL	8	0.01648	0.052018	0.646353	47	3	-0.077984	0.91787	0.91724	0.999995	489	0	-0.077984
SOCS1	8	0.9832	0.98323	0.999995	552	0	0.02105	0.91996	0.91956	0.999995	490	0	0.02105
CYBB	8	0.058036	0.14011	0.999995	68	3	-0.044965	0.9209	0.92044	0.999995	491	0	-0.044965
AGPAT1	8	0.52417	0.61152	0.999995	275	1	-0.025973	0.92329	0.92297	0.999995	492	0	-0.025973
IL2RG	8	0.036848	0.1029	0.953895	63	3	0.0038051	0.92365	0.92335	0.999995	493	0	0.0038051
CTNND1	8	0.61644	0.65892	0.999995	311	1	-0.019823	0.92632	0.92574	0.999995	494	0	-0.019823
FGF12	8	0.12362	0.24616	0.999995	101	3	-0.030416	0.92684	0.9262	0.999995	495	0	-0.030416
WAS	8	0.75777	0.75817	0.999995	374	1	-0.0073938	0.93141	0.9308	0.999995	496	0	-0.0073938
ATF6B	8	0.16866	0.31215	0.999995	126	2	-0.049893	0.9332	0.93264	0.999995	497	0	-0.049893
TLR10	8	0.83533	0.8341	0.999995	420	0	0.0074967	0.93431	0.93365	0.999995	498	0	0.0074967
NEDD8	8	0.909	0.90847	0.999995	478	0	0.017198	0.93463	0.93389	0.999995	499	0	0.017198
SUOX	8	0.10734	0.2204	0.999995	90	3	-0.041013	0.93479	0.93405	0.999995	500	0	-0.041013
POU2F2	8	0.44558	0.57621	0.999995	255	1	-0.020478	0.93557	0.93493	0.999995	501	0	-0.020478
FLI1	8	0.00023431	0.0013016	0.026211	29	6	-0.091442	0.93862	0.93825	0.999995	502	0	-0.091442
IL10	8	0.14347	0.27747	0.999995	111	3	-0.021992	0.94111	0.94064	0.999995	503	0	-0.021992
RAD54L	8	0.95405	0.95438	0.999995	523	0	-0.01455	0.94254	0.94232	0.999995	504	0	-0.01455
ATP5D	8	0.67384	0.6946	0.999995	332	1	-0.011295	0.94268	0.94247	0.999995	505	0	-0.011295
TTLL7	8	0.35157	0.48856	0.999995	201	2	-0.038447	0.94324	0.94306	0.999995	506	0	-0.038447
RALBP1	8	0.80806	0.80635	0.999995	408	0	0.00098013	0.94543	0.94529	0.999995	507	0	0.00098013
FOXM1	8	0.42899	0.56497	0.999995	248	1	-0.0094383	0.94636	0.94636	0.999995	508	0	-0.0094383
TNFRSF11A	8	0.84465	0.84317	0.999995	425	0	-0.016541	0.94663	0.94671	0.999995	509	0	-0.016541
SGMS1	8	0.0097727	0.034162	0.451317	44	4	-0.054955	0.94676	0.94681	0.999995	510	0	-0.054955
ZC3H13	8	0.27724	0.41512	0.999995	167	2	-0.033081	0.94702	0.94706	0.999995	511	0	-0.033081
NLRC5	8	0.14477	0.27963	0.999995	113	3	-0.032483	0.94755	0.94765	0.999995	512	0	-0.032483
ITPA	8	0.12815	0.25316	0.999995	102	3	-0.060372	0.94858	0.94875	0.999995	513	0	-0.060372
CLIC1	8	0.032454	0.092342	0.921397	57	4	-0.046286	0.94896	0.94914	0.999995	514	0	-0.046286
ATP6AP1	8	0.069285	0.15909	0.999995	72	3	-0.045177	0.94909	0.9493	0.999995	515	0	-0.045177
VARS2	8	0.78553	0.78326	0.999995	394	1	-0.015802	0.95096	0.95106	0.999995	516	0	-0.015802
DAD1	8	0.5737	0.6366	0.999995	295	1	-0.013408	0.95169	0.95187	0.999995	517	0	-0.013408
TYMP	8	0.66735	0.69027	0.999995	329	1	-0.034739	0.95486	0.95528	0.999995	518	0	-0.034739
IRF2	8	0.60971	0.65489	0.999995	309	1	-0.024806	0.95576	0.95628	0.999995	519	0	-0.024806
NFKBIA	8	7.9631e-09	4.9489e-06	0.00017	11	7	-0.30096	0.95599	0.9566	0.999995	520	0	-0.30096
RDH14	8	0.22795	0.3685	0.999995	146	2	-0.0095716	0.95687	0.95746	0.999995	521	0	-0.0095716
PPM1D	8	0.21282	0.35396	0.999995	135	2	-0.023834	0.95806	0.9587	0.999995	522	0	-0.023834
RPSA	8	0.10231	0.21281	0.999995	88	2	-0.011058	0.95838	0.95897	0.999995	523	0	-0.011058
HLA-DMB	8	0.066915	0.15484	0.999995	70	3	-0.032472	0.95859	0.95923	0.999995	524	0	-0.032472
RIPK2	8	0.50689	0.60371	0.999995	270	1	-0.033629	0.95902	0.9596	0.999995	525	0	-0.033629
DLG5	8	0.27336	0.41158	0.999995	165	2	-0.014282	0.95933	0.95992	0.999995	526	0	-0.014282
COMMD6	8	0.22465	0.36515	0.999995	143	2	-0.015272	0.96005	0.96058	0.999995	527	0	-0.015272
CFB	8	0.026948	0.078663	0.881451	50	4	-0.053467	0.96056	0.96104	0.999995	528	0	-0.053467
CISH	8	0.10698	0.2199	0.999995	89	3	-0.010929	0.96571	0.96635	0.999995	529	0	-0.010929
RBCK1	8	0.25367	0.39227	0.999995	156	1	-0.017113	0.96642	0.96707	0.999995	530	0	-0.017113
PRKCE	8	0.027444	0.079891	0.881451	52	4	-0.053138	0.96712	0.9679	0.999995	531	0	-0.053138
AICDA	8	0.36986	0.50604	0.999995	212	2	-0.041711	0.96729	0.96802	0.999995	532	0	-0.041711
TNFRSF1A	8	0.15995	0.30351	0.999995	123	3	-0.013042	0.96864	0.96939	0.999995	533	0	-0.013042
IKBKB	8	0.49757	0.59952	0.999995	267	1	-0.010122	0.97019	0.97091	0.999995	534	0	-0.010122
TRIM26	8	0.66406	0.68825	0.999995	328	1	0.0018167	0.97136	0.97204	0.999995	535	0	0.0018167
IGSF11	8	0.37526	0.51142	0.999995	215	2	-0.02164	0.97181	0.97247	0.999995	536	0	-0.02164
SKIV2L	8	0.70466	0.71556	0.999995	346	1	0.016981	0.97271	0.97337	0.999995	537	0	0.016981
MAP2K7	8	0.85666	0.85554	0.999995	435	0	-0.015922	0.97414	0.97475	0.999995	538	0	-0.015922
CDHR3	8	0.69751	0.71	0.999995	344	1	-0.010189	0.97675	0.97726	0.999995	539	0	-0.010189
ETS2	8	0.89954	0.89899	0.999995	469	0	0.0033008	0.97775	0.9781	0.999995	540	0	0.0033008
OTUD3	8	0.31011	0.44829	0.999995	184	2	-0.022568	0.97824	0.97848	0.999995	541	0	-0.022568
ZEB2	8	0.00013983	0.00077698	0.01815	25	6	-0.079132	0.98009	0.98015	0.999995	542	0	-0.079132
MUC21	8	0.85414	0.85289	0.999995	432	0	-0.038297	0.98206	0.9822	0.999995	543	0	-0.038297
SHARPIN	8	0.4088	0.54458	0.999995	236	2	-0.020234	0.98242	0.98252	0.999995	544	0	-0.020234
E2F1	8	0.15225	0.29151	0.999995	118	3	-0.01945	0.98441	0.9843	0.999995	545	0	-0.01945
TRIB1	8	0.0099614	0.034776	0.451317	45	2	-0.037849	0.98608	0.98564	0.999995	546	0	-0.037849
CXCR4	8	0.033394	0.094549	0.921397	58	3	-0.03422	0.98733	0.98711	0.999995	547	0	-0.03422
NIPBL	8	0.00027946	0.0014995	0.029191	30	6	-0.11244	0.98869	0.98857	0.999995	548	0	-0.11244
RFXANK	8	0.41733	0.55346	0.999995	241	1	-0.022182	0.98889	0.98877	0.999995	549	0	-0.022182
COMMD1	8	0.055137	0.13548	0.999995	66	3	-0.021253	0.98909	0.98896	0.999995	550	0	-0.021253
IKBKE	8	0.099148	0.20775	0.999995	86	3	-0.016993	0.99063	0.99048	0.999995	551	0	-0.016993
MAP3K7	8	0.21675	0.35756	0.999995	139	2	-0.01292	0.99162	0.99169	0.999995	552	0	-0.01292
RNF31	8	0.0094639	0.033183	0.450665	43	4	-0.070093	0.9917	0.99177	0.999995	553	0	-0.070093
RFWD2	8	1.2524e-05	2.4745e-05	0.000723	20	5	-0.13998	0.99263	0.99264	0.999995	554	0	-0.13998
LST1	8	9.7248e-06	1.4847e-05	0.000456	19	7	-0.11244	0.99304	0.99307	0.999995	555	0	-0.11244
MAP2K3	8	1.7288e-06	4.9489e-06	0.00017	15	7	-0.1381	0.99434	0.99443	0.999995	556	0	-0.1381
DRAP1	8	0.0034672	0.014713	0.22032	39	5	-0.066758	0.99474	0.99477	0.999995	557	0	-0.066758
TCF19	8	0.25999	0.39856	0.999995	159	2	-0.038755	0.99516	0.99519	0.999995	558	0	-0.038755
MAPKAPK2	8	6.7186e-05	0.0002524	0.006142	24	6	-0.091191	0.99525	0.99529	0.999995	559	0	-0.091191
IRAK2	8	0.0040507	0.01697	0.24776	40	4	-0.044136	0.99564	0.99569	0.999995	560	0	-0.044136
C6orf47	8	3.0183e-06	4.9489e-06	0.00017	16	6	-0.099501	0.99722	0.99714	0.999995	561	0	-0.099501
IRAK1	8	4.5649e-06	4.9489e-06	0.00017	17	6	-0.12068	0.99772	0.99761	0.999995	562	0	-0.12068
IRF5	8	0.0027237	0.011496	0.181456	37	5	-0.059915	0.99835	0.99828	0.999995	563	0	-0.059915
CEBPB	8	0.00053966	0.0028555	0.050534	33	6	-0.077625	0.99885	0.99886	0.999995	564	0	-0.077625
IKBKG	8	0.0004887	0.0026081	0.047598	32	6	-0.079178	0.99907	0.99906	0.999995	565	0	-0.079178
TUBA1C	8	0.071302	0.16245	0.999995	73	3	-0.054947	0.99914	0.99913	0.999995	566	0	-0.054947
ATXN7L3	8	0.029388	0.084523	0.881451	56	4	-0.048934	0.99915	0.99914	0.999995	567	0	-0.048934
CASP8	8	0.12039	0.2411	0.999995	100	3	-0.044885	0.9992	0.99919	0.999995	568	0	-0.044885
AKIRIN2	8	8.4481e-08	4.9489e-06	0.00017	13	7	-0.14813	0.99924	0.99923	0.999995	569	0	-0.14813
KMT2D	8	0.00015157	0.00087596	0.019675	26	6	-0.074859	0.99934	0.99938	0.999995	570	0	-0.074859
MAP2K1	8	0.00094046	0.0047658	0.08186	34	5	-0.090336	0.99952	0.99948	0.999995	571	0	-0.090336
CSNK1A1	8	2.5246e-05	9.403e-05	0.002388	23	6	-0.096571	0.99971	0.99972	0.999995	572	0	-0.096571
MAF	8	5.8745e-09	4.9489e-06	0.00017	10	7	-0.22942	0.99998	0.99995	0.999995	573	0	-0.22942
PELI1	8	1.768e-05	4.454e-05	0.001239	21	6	-0.14959	0.99998	0.99995	0.999995	574	0	-0.14959
TICAM2	8	6.365e-11	4.9489e-06	0.00017	6	7	-0.45429	0.99999	0.99996	0.999995	575	0	-0.45429
IKZF1	8	2.3895e-07	4.9489e-06	0.00017	14	8	-0.10851	1.0	1.0	0.999995	576	0	-0.10851
TNF	8	7.5146e-17	4.9489e-06	0.00017	2	8	-1.4537	1.0	1.0	0.999995	577	0	-1.4537
IER3	8	1.9653e-08	4.9489e-06	0.00017	12	8	-0.16579	1.0	1.0	0.999995	578	0	-0.16579
IRF8	8	1.728e-09	4.9489e-06	0.00017	9	8	-0.38275	1.0	1.0	0.999995	579	0	-0.38275
TLR4	8	6.7396e-11	4.9489e-06	0.00017	7	8	-0.44115	1.0	1.0	0.999995	580	0	-0.44115
IRF1	8	2.0273e-10	4.9489e-06	0.00017	8	8	-0.35787	1.0	1.0	0.999995	581	0	-0.35787
MAP3K8	8	6.8225e-12	4.9489e-06	0.00017	5	8	-0.36399	1.0	1.0	0.999995	582	0	-0.36399
NFKBIZ	8	3.5014e-12	4.9489e-06	0.00017	4	8	-0.44169	1.0	1.0	0.999995	583	0	-0.44169
TICAM1	8	8.5777e-14	4.9489e-06	0.00017	3	8	-0.22782	1.0	1.0	0.999995	584	0	-0.22782
